0.9190020597 0.3577070382
0.5747113526 0.7358341173
0.4806547701 0.1434379328
0.3867090957 0.5597142828
0.2341875886 0.9579896351
0.7801723480 0.3210855429
0.8445353231 0.3609075436
0.9983125425 0.1427911101
0.8475954462 0.7974727076
0.0845912979 0.1449262116
0.4649400420 0.3336041020
0.9163466237 0.7242719407
0.4100536369 0.4640101607
0.2067697245 0.8223596353
0.6426874052 0.1656004411
0.6179766075 0.9617725105
0.6894746938 0.7202778866
0.3701828173 0.3404152197
0.1005995441 0.7592698319
0.2019907552 0.1424879581
0.3272571147 0.8824285631
0.9418742864 0.4713785610
0.2981999270 0.4359637266
0.5101908489 0.5226128323
0.6436198330 0.0614993741
0.4928025875 0.5441504853
0.2882423222 0.2396362989
0.9424379027 0.8376028759
0.4044093759 0.8768605566
0.0619399846 0.2827953890
0.7233010707 0.8576915789
0.5235415792 0.9122809716
0.9889899347 0.8207066362
0.8001539426 0.2818868420
0.3843278534 0.0258873666
0.0654201763 0.2074241044
0.6845301361 0.4506928479
0.1060659231 0.4764231847
0.1425869564 0.7450613984
0.0114703171 0.0061255018
0.7110625040 0.6194258507
0.3463312475 0.8303157276
0.5118011601 0.9384162186
0.2579544289 0.8039697318
0.3951047058 0.2574854976
0.2081247614 0.4600526849
0.7608353740 0.3679596214
0.8598233265 0.5220370256
0.0072006342 0.7649021239
0.2331481598 0.3918949907
0.7449291265 0.9264109383
0.1784235593 0.2263627013
0.8472452773 0.4796531860
0.9470162163 0.1115925879
0.7270295954 0.6756102746
0.7138020170 0.9479586702
0.0225061528 0.2037165722
0.5941849877 0.4140947880
0.7208429420 0.1251706591
0.5007248165 0.0106103701
0.9441392963 0.9446344798
0.2186153028 0.5095806834
0.4163173274 0.0856280284
0.3498676382 0.6539776580
0.7655652560 0.7166331688
0.9751064729 0.8775257462
0.1069483240 0.9189728936
0.1939414126 0.5832179399
0.7996393916 0.2011025207
0.5305208908 0.2455845907
0.3431063380 0.1282376493
0.0675605689 0.8145449012
0.8607952694 0.1955075746
0.5018021747 0.6764028837
0.9371539446 0.0494450655
0.1380689810 0.1184630518
0.4370979189 0.9692222858
0.7720341476 0.0124784534
0.4783567789 0.0702155064
0.0765968372 0.9102149402
0.8404933226 0.1462425928
0.3487384112 0.4446787646
0.6050899915 0.6620405376
0.4054163583 0.7814389602
0.2454828613 0.1492341402
0.8797976902 0.5805081175
0.4136884402 0.6996776615
0.4671453639 0.8679794935
0.1281356223 0.0351743313
0.9842700849 0.2697670614
0.2200824879 0.7348945188
0.0777829083 0.6081408486
0.2442602164 0.3000704435
0.3511323983 0.7285547591
0.9927774416 0.5234282128
0.6838616060 0.8783179643
0.7980129297 0.5558208562
0.8228345532 0.9006191988
0.7358951501 0.2080584477
0.9443426101 0.4295035259
0.8264674949 0.0720118509
0.1572686268 0.9681943954
0.7753200191 0.4620266785
0.3093397545 0.1400653212
0.7966335154 0.6023874945
0.1441811324 0.8231234201
0.1680782937 0.3154023806
0.8803516768 0.7824080362
0.1815315119 0.0437360082
0.3121502487 0.3728386779
0.3707911054 0.1764602988
0.4967277047 0.4142083885
0.0009878062 0.6691760099
0.6689656788 0.3005025369
0.8301319416 0.7072186337
0.4363893720 0.2878116336
0.8632518213 0.0072555224
0.1460828118 0.3924765918
0.5694956365 0.3348380802
0.2976630453 0.7523529248
0.4453388502 0.6091338526
0.6844617399 0.5166166119
0.7410190414 0.5346802579
0.5945186978 0.9003216193
0.4426925654 0.3866170295
0.1220024321 0.3512481590
0.7320559163 0.0556717011
0.6574501053 0.2373809905
0.3512633270 0.6228598058
0.8118135886 0.8424799179
0.2371202072 0.9406231379
0.2946388887 0.3380756670
0.9554293572 0.6515793201
0.2351601624 0.0536836733
0.6637403436 0.7254146170
0.2724273999 0.6852569853
0.4306661244 0.7885642476
0.9095207404 0.2756012329
0.0290358806 0.4699586159
0.2354829982 0.2317059012
0.8491823853 0.4123857180
0.9352574495 0.5973562759
0.3446834831 0.5233873820
0.7128426430 0.3482202647
0.0015014016 0.3057545563
0.0530089102 0.5665280007
0.5844563205 0.0941334077
0.0460194867 0.3876483544
0.9863528946 0.6061893887
0.4392541915 0.1683681399
0.9717093539 0.0079860777
0.5558860573 0.8201517723
0.8475634198 0.2608953225
0.5400885385 0.0917145425
0.2775051592 0.5360315163
0.6935501986 0.9988367069
0.9057485945 0.9239516912
0.4888328359 0.6268351682
0.1443008030 0.6992688079
0.0629030353 0.0443714188
0.9796049544 0.3674400430
0.3504593484 0.2465202406
0.5814381570 0.1566887406
0.4434723640 0.4682410954
0.2639813931 0.6028003240
0.3074850390 0.0544665538
0.6017422926 0.5068517480
0.7560905201 0.6371363613
0.1572780803 0.5140362515
0.3667725771 0.9598385411
0.1137120066 0.2662148505
0.5204646134 0.1984076362
0.5561789299 0.4520215604
0.4924302205 0.7577814828
0.0559491254 0.0726498603
0.9383095915 0.7408786322
0.6751593901 0.8073510575
0.6374236706 0.5852196739
0.1478461619 0.5830346954
0.7504764386 0.7858084745
0.2112915997 0.6653861287
0.9414950599 0.1744452231
0.6956755916 0.4016051465
0.8285735206 0.9674638452
0.5976870390 0.5485657614
0.1894773374 0.8812506928
0.5496416178 0.6062595313
0.1054855259 0.6596424640
0.2987569864 0.8959781968
0.5730110331 0.0022774924
0.6067438318 0.7907623716
0.6979915216 0.1801232469
0.6137628662 0.3939535956
0.5111557701 0.2788208939
0.0795859826 0.4229533881
0.6085790021 0.2746024556
0.8171843851 0.0993024885
0.0225892680 0.9215341943
0.5393789710 0.8292340620
0.3069944861 0.9894747053
