0.4505614834 0.5078793459
0.4243055881 0.2160449942
0.3703981296 0.2867574967
0.0661802790 0.6077625621
0.6991753662 0.4017427983
0.0415038933 0.8636894079
0.6667805417 0.3829676983
0.5284100016 0.6275910965
0.9375138027 0.7284689761
0.7861659101 0.9008550174
0.4637353134 0.4318891576
0.2090486568 0.4807580835
0.6371549493 0.8120093297
0.5509364742 0.2253856410
0.9658964690 0.3301212341
0.4938729227 0.8739592413
0.1871718240 0.2712849860
0.0976971476 0.9449759460
0.5883830227 0.3400588339
0.0851486717 0.1355760131
0.0477171652 0.1863360149
0.2540319341 0.7227845761
0.4926118643 0.9604199856
0.0220279554 0.7264530451
0.2523323814 0.3533836365
0.2602629723 0.8609156041
0.0462995864 0.6992760782
0.0163828797 0.7916543754
0.5953354261 0.0077463338
0.9140946389 0.0985060264
0.8815510012 0.2051482893
0.8177258165 0.1604244188
0.3658786876 0.8506372539
0.9804424518 0.6265848585
0.2689700260 0.5766196525
0.1733468450 0.7886321591
0.6038369372 0.2600473716
0.6641140031 0.7717170296
0.8798691430 0.9689880198
0.9574829383 0.4468261878
0.9869332960 0.1546160117
0.8323318875 0.1416855919
0.3467452110 0.3532043472
0.3205424175 0.9156518483
0.2183683846 0.3198461849
0.4323986446 0.0988656484
0.4199416721 0.3258289921
0.7369303504 0.3101972687
0.6274914179 0.2144281837
0.9946146015 0.8554385635
0.3630197116 0.5565649340
0.6158340154 0.6125261014
0.3022407528 0.1672631170
0.0539702273 0.2982873109
0.0215880509 0.0710739689
0.6776495451 0.8487443954
0.8696068297 0.5653188062
0.2871280086 0.9890978463
0.2629406227 0.4803492352
0.6698346607 0.1290822601
0.9065698220 0.4823385786
0.4714861584 0.5440658444
0.9672118100 0.2492998309
0.5402718705 0.5245433424
0.1872866492 0.9144083119
0.8748848923 0.6586703593
0.4433099887 0.6946541787
0.9294269587 0.2703728410
0.7744445146 0.8175257571
0.3967768974 0.5965918446
0.2089257599 0.7111357289
0.3255343794 0.0108524753
0.4122499893 0.9485498296
0.7796897940 0.2433663217
0.2919983575 0.6595847867
0.1309978797 0.6657556640
0.4967403757 0.7226829416
0.3975834033 0.4450398221
0.3284571823 0.1346555901
0.1174608756 0.4170476023
0.9188950681 0.1787831019
0.7990431178 0.3341626525
0.7702772630 0.2018881267
0.7256206965 0.1442851397
0.1100702462 0.2479246952
0.8149250783 0.8088869275
0.4272698219 0.8304881428
0.9261796337 0.7943452217
0.3825297888 0.4912257896
0.2122867437 0.8110596435
0.0172928943 0.9893908374
0.6661420355 0.0353779781
0.7121048579 0.7130943252
0.8902014792 0.4032894984
0.2427332909 0.2211040241
0.9046819836 0.8473581114
0.4204945570 0.1467665974
0.8896524538 0.6229461943
0.2597101117 0.0927381039
0.2140672334 0.9881678417
0.5938763462 0.7099110773
0.2145485299 0.5630480098
0.0663219205 0.4508544040
0.7271949270 0.6413160092
0.2165646251 0.0561603409
0.4409327430 0.6521716662
0.5244594892 0.3321999689
0.4037298472 0.0212384258
0.1492684443 0.3171789811
0.2707573381 0.4161832107
0.7956430709 0.4693041806
0.8467069643 0.0209197688
0.2517642893 0.2355099615
0.5916193879 0.9856121620
0.7830356273 0.6145116262
0.1635568277 0.0932502018
0.4901786954 0.0287183426
0.9407974498 0.9420667239
0.8066928367 0.7188115458
0.7192377872 0.5209788504
0.0338990263 0.2422266769
0.8654761512 0.0607141216
0.0101036648 0.4040253673
0.8249300359 0.2719865315
0.3827494973 0.9294859748
0.5896994084 0.5978110098
0.7585898600 0.4569159814
0.0283135334 0.5200448215
0.1773132499 0.4211245307
0.7952023371 0.7026833506
0.3575090907 0.3659219376
0.7942530584 0.9885136432
0.5730997992 0.1277966835
0.5633456501 0.4415929239
0.5284523333 0.7616387053
0.1408533770 0.9808363640
0.9781549632 0.9117467584
0.5145745233 0.1336187548
0.5872062196 0.8879568323
0.1224922591 0.6457543405
0.8918950779 0.3383074043
0.1339099191 0.5080195104
0.6518852083 0.9499471779
0.4188135382 0.7657692938
0.4915406227 0.0663734713
0.7959791526 0.0878337645
0.7346558892 0.0565458906
0.0798678593 0.3545435881
0.5470132639 0.8335367896
0.1206147829 0.0759986484
0.1090102929 0.8908087811
0.8391105056 0.4141136022
0.9267378196 0.6729384321
0.3333548401 0.7497057670
0.9930387279 0.9755863272
0.1161547417 0.8258172361
0.1723580313 0.5866718724
0.7378555358 0.8627423692
0.9999760684 0.6005259702
0.2901899847 0.5530743671
0.6449784177 0.4440697319
0.0948909482 0.0382542813
0.0846179301 0.7834592027
0.8563343988 0.7539151617
0.5123799254 0.2820543702
0.7762968831 0.5507614763
0.3235701475 0.0595492425
0.4819139399 0.6081874081
0.6415744459 0.3076142519
0.1933027767 0.1686849513
0.8715046386 0.8780192936
0.3948859122 0.2500905127
0.5274136393 0.4442877725
0.6956206256 0.5761020214
0.9877636237 0.5224542396
0.6385427917 0.5370979800
0.6197618964 0.8886838303
0.7330974789 0.9398489189
0.5201973856 0.3654981708
0.4791705040 0.8684124812
0.8651328404 0.5251144620
0.6172460979 0.7142937376
0.2866626033 0.3829123992
0.3626312406 0.7727048610
0.5876274380 0.0750482049
0.4802699781 0.2051852044
0.2476414976 0.9093917728
0.2895435514 0.8220929717
0.6262636334 0.4811422801
0.6520904638 0.1967892716
0.6945045859 0.0040720906
0.1804600926 0.6874035861
0.3736395851 0.1746721409
0.0128263500 0.3807352648
0.1395370554 0.1818092591
0.3328603560 0.6456341483
0.1033594438 0.5380835894
0.6276492174 0.6847805018
0.9582730240 0.0632850217
0.7892516562 0.3623600547
