0.0884830334 0.3451878605
0.8194743686 0.6590406447
0.7214129205 0.5212588049
0.0356406640 0.6711404479
0.1107496952 0.7033637667
0.4775610826 0.2687091091
0.6657831044 0.9403342523
0.2828063572 0.6650230021
0.1767376255 0.0808456930
0.8787853758 0.7642194939
0.9976738067 0.1398207348
0.4369101017 0.6329188391
0.2546768259 0.1698939139
0.4303316693 0.9190866734
0.8220182093 0.5218800565
0.2707649799 0.1116463158
0.6244060822 0.3232160864
0.9785547164 0.2459645278
0.9584893600 0.7877426517
0.8774415904 0.4217427043
0.9879482073 0.4843411280
0.3520019438 0.5695205630
0.2285588025 0.8122832962
0.1586596730 0.2402828977
0.2727593343 0.2260130242
0.7279071602 0.8381879407
0.9670243579 0.4074321066
0.5442136748 0.7592244764
0.7402802964 0.1029700519
0.4703510549 0.0391833544
0.7556155047 0.1630788982
0.5065885910 0.6893914811
0.7017900978 0.4896601829
0.5464864248 0.4364389483
0.9664366470 0.3029881489
0.0705330507 0.8767257817
0.7120886969 0.4049681552
0.9445633365 0.9677020930
0.9671021599 0.0320685581
0.2728034518 0.4851343787
0.9640904686 0.6130011069
0.2335778406 0.6751098487
0.5157297212 0.7931545737
0.5797264727 0.4020761940
0.6687470018 0.5689149329
0.6489206825 0.0687178833
0.0658134792 0.2923391851
0.2463454410 0.5666032418
0.1465942436 0.4829497875
0.2006731773 0.9603417065
0.4984791260 0.5587894226
0.3335031725 0.6442703841
0.7414331762 0.0264711402
0.8558801178 0.2219139735
0.0397461921 0.7228436105
0.7015893532 0.6961614826
0.2705447382 0.9110218317
0.9541255780 0.5466517565
0.1818039968 0.8745871082
0.1551433446 0.1865219327
0.5448472580 0.2724172355
0.8796623247 0.5917958031
0.1556048857 0.3164304239
0.0409822039 0.7905425976
0.8546243664 0.1293069830
0.7638303808 0.9520768576
0.2601213748 0.5716173479
0.0049854108 0.1776967070
0.6575809371 0.8014206888
0.0846210884 0.1781592355
0.0504203518 0.0796909027
0.1545376254 0.5455026167
0.2308265924 0.5487098180
0.3522928171 0.4616278546
0.3118744086 0.9711195297
0.9852439868 0.4002440111
0.3312748321 0.8525633437
0.7974807592 0.9985209044
0.9719005057 0.9137120086
0.9045563466 0.6903466681
0.5107130983 0.6144885125
0.7720597594 0.8643121102
0.7893602646 0.3856764585
0.8385597227 0.4024105531
0.9711034054 0.6467880907
0.8501945082 0.9751223383
0.6676308907 0.9303234752
0.2312030523 0.2105439566
0.4481573223 0.2256366152
0.2123374098 0.3002275268
0.6066242277 0.6526608656
0.1678695832 0.7746450970
0.8134366741 0.8978472689
0.3648475056 0.7784716823
0.0935497407 0.6360790523
0.4516359083 0.7360587021
0.8195966399 0.1206252991
0.3959777326 0.3848355300
0.0464548244 0.9212086637
0.6000757502 0.4827227900
0.1466801781 0.0055022018
0.9451955285 0.0636870642
0.7621473391 0.2164605365
0.5191219073 0.3787114939
0.2467105388 0.3294957622
0.5989218718 0.7343645132
0.2469559296 0.9209080630
0.5446132285 0.6161123541
0.5926657350 0.9705685417
0.4557302635 0.4474339583
0.5051028257 0.0954024168
0.0288717452 0.2398842151
0.7444411182 0.3357475358
0.0930630679 0.0196850510
0.6159255530 0.5630331556
0.5832143313 0.8609370496
0.4077211858 0.6223801076
0.0190397479 0.8359091569
0.3940981616 0.8503363858
0.1006087787 0.7899582805
0.7784990292 0.4656711260
0.1487777406 0.1315501186
0.5335051786 0.9365249370
0.8659896283 0.5027813384
0.4439256571 0.7758191497
0.3582467464 0.3507451252
0.9138594960 0.2907199413
0.4910624374 0.8506252190
0.9378633491 0.8664859442
0.8084838428 0.2643354425
0.6688955946 0.2817718976
0.5188279309 0.5021388095
0.5529192612 0.3221360892
0.6584921252 0.1479727502
0.4341352158 0.3066432369
0.0204201968 0.9834264042
0.1028153137 0.4318691294
0.8001766000 0.7984468339
0.8139212132 0.5994345102
0.4583591591 0.9824913715
0.3786800608 0.1798189588
0.6930625357 0.3492551584
0.7152510428 0.0850759573
0.3477983136 0.0489466225
0.9293719957 0.1542790654
0.1333368716 0.6162955887
0.7074335058 0.7543686580
0.0629589392 0.5573968076
0.6337571080 0.2344757680
0.7566181290 0.6357822944
0.2195424158 0.7557863411
0.8948931321 0.6961865678
0.6966555633 0.0004252187
0.3200109207 0.4064664954
0.8172578881 0.3186257589
0.2475453388 0.4419864441
0.5255436161 0.2017841468
0.0517588323 0.5376540250
0.3575653985 0.2680431079
0.4196517409 0.1430333516
0.7811409458 0.7106199686
0.9148346236 0.9755656922
0.4282006684 0.5208106977
0.7424150863 0.5808930442
0.3927625550 0.7124644939
0.6253319569 0.7966271757
0.4171490199 0.0858307642
0.6535577370 0.4456429173
0.8719994393 0.8022349440
0.7212715032 0.2445328960
0.2596431119 0.0686731216
0.6069062823 0.0105001276
0.6680498761 0.6378703342
0.3092301558 0.7903524882
0.0058307067 0.3359016953
0.5758180193 0.1411065309
0.0439987115 0.0586960253
0.5454692769 0.0308732852
0.2870327623 0.3300550606
0.3850686549 0.5264351707
0.1020572564 0.9398089536
0.8456932982 0.1997646508
0.6055756182 0.1960411395
0.2072408119 0.0321364359
0.1958799546 0.4009325252
0.0628966425 0.3931040006
0.1705158037 0.6462083658
0.5075302181 0.1384913113
0.4629905490 0.9402860024
0.3559751790 0.2586893882
0.9395149733 0.4802788561
0.4584011831 0.3954970055
0.1303065193 0.8581368772
0.3862202294 0.9858865088
0.8139585898 0.7664282534
0.3329615385 0.1187784462
0.2885767841 0.7351846163
0.6224588842 0.8643796508
0.1169871473 0.4581763615
0.3318592194 0.9578625039
