0.0709906348 0.4627569755
0.9611579876 0.9097238005
0.0772551990 0.3733928907
0.2816073919 0.3211972989
0.8236167817 0.0798350823
0.4093943779 0.6183553770
0.5717718682 0.1910577529
0.1711564815 0.6903926475
0.8801981110 0.9108283256
0.0022183929 0.6613761497
0.6787178377 0.5842412058
0.7670217296 0.3492111153
0.8656964239 0.1169707124
0.3568698217 0.8797262432
0.7843510330 0.9252049892
0.6762748508 0.2443324738
0.9286835567 0.9022936528
0.6639775779 0.3796437212
0.2893092227 0.1659210894
0.9760885192 0.7075943592
0.8761758460 0.6743052567
0.4410929067 0.4170384106
0.3895673104 0.8383449393
0.3222333824 0.7761798865
0.5321411053 0.4800908274
0.3404900029 0.9410178517
0.9746470965 0.4729823229
0.9223501308 0.6817217083
0.3612698950 0.6085759599
0.1211379305 0.2051125291
0.0070386188 0.5742230520
0.6195127831 0.8570099128
0.2775442252 0.2975082699
0.5543290712 0.5478909487
0.9330537165 0.2502879836
0.4023367372 0.0666518337
0.4103375459 0.7812500676
0.9031098550 0.5577390181
0.7898803651 0.9780266452
0.3240760542 0.6240278161
0.5109301588 0.2063051254
0.5347071001 0.5732631638
0.7530780365 0.9921903122
0.5890957816 0.9429084577
0.6358691581 0.6489763303
0.9340006311 0.7681936457
0.8275051063 0.4375245497
0.2684528832 0.8285511706
0.5819536287 0.8274662964
0.7616001292 0.1579302682
0.2298944890 0.7628098459
0.8453290232 0.8720721488
0.1148015304 0.3928745728
0.7885988814 0.2476489116
0.4702569145 0.2447981864
0.5290512775 0.0209388281
0.6532369547 0.1036812237
0.7035807625 0.5685819748
0.8948193959 0.4881348322
0.3738242187 0.2338587783
0.1920142691 0.8759736760
0.3422044291 0.3636794763
0.1597836792 0.7747468122
0.0165085754 0.4165891433
0.0809885291 0.2261077594
0.8200636964 0.0618961260
0.9006258303 0.2019645345
0.4967016812 0.7709903446
0.2614728243 0.2324621550
0.8724778346 0.0036317771
0.0182948465 0.2619404506
0.1783881390 0.9351172310
0.0945145906 0.7068182959
0.8556208396 0.3078061395
0.3315615972 0.1052215414
0.4110176733 0.7022017330
0.4712613818 0.7184873377
0.4283701437 0.2901525818
0.8485371734 0.1723648976
0.0523039303 0.8236588772
0.6885595182 0.0504869159
0.3413285210 0.9766283431
0.7967341895 0.6009632920
0.6716554376 0.7579036813
0.0998978108 0.5682111018
0.8097197987 0.4982376602
0.4946747838 0.1524235268
0.6969838577 0.3444083819
0.9053579947 0.8136445297
0.5335375671 0.4072794375
0.6253236294 0.6927300092
0.2670281826 0.0913158026
0.4431145888 0.0743648966
0.4980434094 0.8899588106
0.1487320525 0.4956709209
0.1616537236 0.1093962164
0.7346152790 0.5214476744
0.1511368459 0.0577027974
0.3679132692 0.1666820347
0.4208828120 0.1546944537
0.9362966819 0.0523457735
0.0319256094 0.0869598852
0.7716793714 0.7067906362
0.7291956634 0.2473824625
0.5149291836 0.8437563085
0.8251884913 0.6989008471
0.7425270992 0.8610439973
0.8130257725 0.8417626781
0.8140030356 0.2495787955
0.1758506289 0.5719976565
0.1811097625 0.4417314286
0.9408161545 0.6127648604
0.0466446975 0.4963160247
0.9434495651 0.1021480984
0.6810713152 0.9208327759
0.4983775100 0.6469292126
0.1768126139 0.2196449320
0.9709002937 0.0003212958
0.2410760095 0.4014457100
0.1280473753 0.1346573927
0.1302567445 0.5523710690
0.9129855584 0.4453775379
0.5332042328 0.9385785703
0.6977793966 0.6949843832
0.5593796877 0.7506230880
0.4935544818 0.6450276717
0.4850586294 0.4555478591
0.7097571465 0.4406559087
0.6702243220 0.1966766207
0.3338180331 0.6965944959
0.0463950758 0.7276774506
0.2664083319 0.6547912154
0.9698566852 0.3518277810
0.7405027697 0.0833276345
0.4378244970 0.9732915102
0.5754326457 0.2697970421
0.2627715835 0.0476624241
0.3379935505 0.2525600498
0.9744939056 0.9604305088
0.7203567429 0.6492095592
0.0396390156 0.1819037381
0.0242789394 0.3228885109
0.5967440610 0.3418587550
0.9348459821 0.2899939260
0.4481171978 0.8433458035
0.6768034333 0.7757797487
0.2773344873 0.4336761895
0.9772450466 0.1776252609
0.6381708677 0.5269919973
0.0363840284 0.1102758055
0.5801350587 0.4801763801
0.3779115522 0.5330853335
0.2304451937 0.5748472111
0.2124073297 0.9752387620
0.2670812738 0.9518009852
0.5396575595 0.2958079791
0.1705191157 0.3521855250
0.3112503488 0.8600593299
0.0896588908 0.9195615965
0.2370325142 0.5094576546
0.6246665665 0.4345276892
0.4495229436 0.9681370283
0.2753939960 0.7244352270
0.6765332975 0.9727244767
0.8276472566 0.4230448848
0.4903489225 0.0799865304
0.1167882252 0.2963828087
0.2192087256 0.6617960476
0.4054369506 0.4232336579
0.8492607102 0.7535631961
0.1773733182 0.8495730668
0.8069262761 0.7877968480
0.6643020877 0.1390796974
0.2279013553 0.1624895532
0.8436825915 0.3413427778
0.4949542744 0.3592717465
0.6964634230 0.8422876399
0.1135901452 0.7118653697
0.5931520632 0.0511079033
0.9250805506 0.3869237414
0.3094133753 0.5038857084
0.4915011970 0.5543726157
0.8092484005 0.6300310366
0.1198804265 0.8336244615
0.0592570932 0.6039728405
0.2068835922 0.3112742505
0.3767685003 0.4718904160
0.5915773447 0.1272627674
0.0254602810 0.7978748320
0.6629261608 0.3001837364
0.5750024883 0.7132639704
0.0262106845 0.8850155870
0.1596635590 0.0121156144
0.4003050467 0.3351419393
0.0519144496 0.9784717436
0.6339023676 0.0091595826
0.3377710933 0.0264886707
0.0751572125 0.0199650512
0.7676816142 0.3885705006
0.3071991602 0.4667535503
