0.8448824590 0.3700102166
0.4341891048 0.2107987028
0.2122037646 0.7158861375
0.5414206345 0.7494281895
0.5270885179 0.2393552454
0.0715573731 0.2148954859
0.5468485536 0.5458438944
0.8628944248 0.7510856643
0.5327789556 0.4159010851
0.6444712058 0.2529777997
0.9144811672 0.3701345987
0.7794043828 0.9247677465
0.9418080410 0.5036871138
0.5804124271 0.9700379312
0.0034217577 0.5693801111
0.7310741009 0.6321779218
0.1187633314 0.4169968847
0.4590864591 0.6184209570
0.5888352820 0.9403030582
0.1184362487 0.6906993989
0.8767849507 0.4434447112
0.9202830480 0.1251603771
0.7956689928 0.5979016541
0.9130562883 0.8908793943
0.0656050499 0.4469111445
0.2563951282 0.9526128609
0.0340753309 0.0561838405
0.6940584659 0.7173291712
0.6576824723 0.1706405962
0.1166846384 0.5094997758
0.3022712584 0.6291764006
0.6793130885 0.5571486869
0.9808622380 0.1223873543
0.8236675705 0.8123088507
0.9731005490 0.2390324396
0.4637813941 0.5064635266
0.6163127924 0.8646273131
0.5634574884 0.2872948595
0.6158503247 0.1386594148
0.3562532019 0.4681277468
0.3970197236 0.5455406632
0.8697668049 0.0214837521
0.9510746550 0.2970407427
0.9401516743 0.6997566984
0.2421805932 0.7139475425
0.8696583977 0.0270676011
0.1445517939 0.7882146376
0.1428846282 0.2869596141
0.8169560363 0.6625445840
0.6423900574 0.0608323836
0.2326915076 0.5817617647
0.4503834691 0.3544525340
0.1339867500 0.9479076257
0.0535688897 0.1469632880
0.5678408820 0.2172515098
0.5000380813 0.7170055032
0.9553202930 0.6371091238
0.2425832514 0.8940794613
0.9716645983 0.5155173002
0.7490021276 0.2270524549
0.3466845955 0.2529351322
0.0736412122 0.3650417457
0.1623822056 0.3323032840
0.7144327929 0.0945349683
0.8614247029 0.6860278778
0.7809608496 0.7217488399
0.4195527300 0.7096406766
0.4323630495 0.8023630662
0.2443900104 0.5039848512
0.6112521794 0.7794341122
0.2121708468 0.8349301685
0.4248878824 0.0334643710
0.6153891174 0.6384464086
0.9441055228 0.9842903341
0.4501641301 0.3251751813
0.5483438002 0.6115487920
0.3767286345 0.0057054103
0.9497245108 0.1786909587
0.0960290895 0.2596892970
0.0171716561 0.2562498054
0.5535636278 0.0928631937
0.3077772383 0.8708994902
0.1738811449 0.4415677038
0.0997275532 0.7757678044
0.4470122445 0.4271431183
0.2277692461 0.7955944162
0.9941974808 0.3482174961
0.4032001321 0.4542630362
0.8884123602 0.2607640671
0.3538700142 0.8500347057
0.0725407752 0.9605073392
0.8190746136 0.5359928845
0.4995467198 0.0347717142
0.1155506140 0.1802515727
0.1477814268 0.5987010179
0.0486015398 0.8134051051
0.9938386232 0.9812266215
0.8036243520 0.0778796845
0.4700467791 0.2695859736
0.8310081614 0.9396479264
0.3070856574 0.0515933610
0.0760545725 0.3453628511
0.7122534854 0.8112748459
0.6313534649 0.4883404992
0.4341984128 0.7573039369
0.8432812129 0.1155109108
0.7813202194 0.0139365146
0.4235397335 0.9446990565
0.4952069663 0.1457595537
0.8988032734 0.5998173869
0.2147036969 0.3626219003
0.1679183739 0.5329820332
0.8841463017 0.5663444847
0.9399640785 0.0417789006
0.7431273225 0.3003207123
0.7366137666 0.0268332371
0.4681243673 0.8529061494
0.0181949904 0.7520278906
0.4123761403 0.8993990255
0.6451958007 0.6109398034
0.2786967371 0.1805706704
0.3510245370 0.8011124634
0.2300767183 0.4565258832
0.6653475743 0.3717999253
0.7094277598 0.4382229669
0.2743751233 0.6399049025
0.0605946596 0.9734846926
0.1524808017 0.6234785262
0.1654907851 0.1263698988
0.8053526548 0.2789137675
0.8465574371 0.4811205118
0.9049752817 0.8363830256
0.2458676225 0.1027905599
0.8258261673 0.8717251922
0.5077869141 0.9061793759
0.1194457771 0.6854337562
0.2512272957 0.9851607305
0.1779675693 0.9893002849
0.0579177281 0.5661230845
0.3962282454 0.1264344574
0.3669573535 0.3050335476
0.6698129956 0.7993032676
0.4900622589 0.9876350364
0.6715030856 0.9341218882
0.7294082661 0.3554821885
0.6993648575 0.7104006286
0.6140224578 0.3403659387
0.1174388745 0.0802411976
0.7455277597 0.5713955807
0.5444746486 0.1648820158
0.7177480834 0.4984457855
0.5354587256 0.6663421613
0.7418988178 0.8967671153
0.5777099365 0.0397706614
0.3492843027 0.1922230658
0.6943202963 0.2389377691
0.5409543230 0.4673616846
0.4429199463 0.0899831937
0.8444432658 0.2790834441
0.2718427713 0.4020440669
0.9165769894 0.7698747206
0.3523389672 0.6448370330
0.3834318141 0.1722394283
0.7785217789 0.3909481177
0.1624962202 0.1797635689
0.2964133813 0.7434705198
0.3819154323 0.6967861333
0.2655188484 0.3288134512
0.6065009941 0.5157285583
0.8035553059 0.1842935358
0.5307344433 0.8270530491
0.9276075163 0.4212803276
0.2305095471 0.1128491506
0.7258388075 0.1529311147
0.2931912790 0.5406799534
0.3286233914 0.4119369934
0.1721978265 0.0463449774
0.9751571702 0.7855393443
0.6176124046 0.4101919590
0.3424243483 0.5163728140
0.0948994728 0.8943601530
0.6017375310 0.8648365818
0.0118162957 0.6513483017
0.0494568237 0.6891114069
0.9560355393 0.9331572557
0.3217828041 0.9602009273
0.4589073300 0.6092435767
0.2272677783 0.2586614438
0.7734610974 0.4559469636
0.0025384905 0.8806000228
0.7731316869 0.8058377976
0.5861200570 0.7198790283
0.8497103787 0.1713636207
0.3310075543 0.0821591990
0.6616162561 0.0095325096
0.1479956373 0.8830719946
0.5411661274 0.3821144797
0.2474149451 0.2449605448
0.0055974628 0.4633649892
0.3524839055 0.3546363928
