0.7967692808 0.9873080412
0.9719837294 0.5871664238
0.2458285255 0.8062358765
0.3600294276 0.0251356788
0.5609198159 0.1841603260
0.2988593821 0.8829795898
0.5155852756 0.8350503753
0.3102110572 0.7689229228
0.4617257135 0.3058435223
0.4227554404 0.8559046852
0.3015660899 0.2292076142
0.2129506754 0.0448720935
0.0498956051 0.4430781418
0.1683866201 0.8525676359
0.7839823469 0.8796119668
0.9510657063 0.5635446700
0.8371652948 0.6595006007
0.9671409066 0.8152443347
0.7317816338 0.9261733461
0.4282654087 0.6980874395
0.6312221351 0.5491466138
0.0900692618 0.1976492493
0.2212596986 0.9652017717
0.1052602887 0.6396831894
0.1926661609 0.6312493406
0.3002336521 0.2169634993
0.4306267587 0.5245935840
0.9667438043 0.9145507251
0.1015282073 0.3300454638
0.5354813304 0.6609728046
0.8677197628 0.8505340002
0.5225806871 0.0132542637
0.8272979412 0.2981176314
0.7825100536 0.3213818797
0.6060475383 0.8963517523
0.2469435710 0.1078806145
0.3184099852 0.0691191388
0.2189062000 0.2855444037
0.1165864537 0.7850282805
0.4505341724 0.9126754664
0.7450980197 0.3458987761
0.5571422423 0.2853072320
0.5742330782 0.9951754388
0.9387278223 0.3675820774
0.4587460305 0.7886783832
0.4879709751 0.1773682128
0.8236563783 0.7661275256
0.4219993784 0.6927602989
0.2594983841 0.9543512696
0.1775277443 0.4917021029
0.3841873886 0.6228611376
0.1576283079 0.5885702278
0.7210619923 0.6111936050
0.5816686665 0.3396662760
0.1338973281 0.0175046063
0.3573725907 0.9241230820
0.2085165712 0.7632120659
0.4464827569 0.4325022956
0.9778083603 0.6406277462
0.9269247827 0.9527161505
0.4940497459 0.0615109839
0.6459816960 0.0742724120
0.2906008335 0.0034994682
0.0872547644 0.1196371451
0.5459323873 0.6548304064
0.9208743627 0.5359722000
0.4030108251 0.5902700963
0.7954355421 0.2232798107
0.3106723199 0.6241513973
0.5846717800 0.3960598519
0.9779744902 0.0220350474
0.1379601721 0.5668981548
0.3690485202 0.2907361363
0.8399667078 0.5177007650
0.0227114422 0.3364085644
0.8552978100 0.1678199289
0.7450184520 0.4782712978
0.4451638340 0.0126872842
0.8826937429 0.5840284346
0.2447814615 0.6726554551
0.1311120087 0.9450011696
0.4967470381 0.4304537971
0.5552700175 0.5910350402
0.1233869344 0.0884209027
0.6258159465 0.1278953057
0.1048206741 0.3057323875
0.0235044178 0.8215345317
0.5123585691 0.5120014597
0.3672405334 0.7891223064
0.8932516877 0.7977033636
0.1116590768 0.6769442653
0.5324050185 0.2460785484
0.5730652753 0.7223714630
0.1435040708 0.2150496449
0.7362947078 0.1628234061
0.9778414982 0.4948562235
0.2129812069 0.1789657538
0.1665960247 0.4135248268
0.0083669002 0.8234159573
0.7929840067 0.1259952130
0.6567261778 0.3155026488
0.4265946771 0.3824479061
0.7526365162 0.7007188376
0.0312037851 0.1842952431
0.8294357352 0.3620073149
0.8994396186 0.1411700006
0.2452024052 0.3620291204
0.1726314457 0.7128311445
0.9726316643 0.1829636002
0.4134083426 0.0908671114
0.4049541446 0.9738176443
0.7935005053 0.6085018111
0.3588711319 0.4428294806
0.0057682959 0.3610610664
0.7646088418 0.7927425357
0.2746464570 0.5106679642
0.5727818619 0.4459039719
0.6956161890 0.2945946880
0.4683304459 0.7380067954
0.0697824116 0.0298847858
0.1767033876 0.3171789923
0.8599105910 0.2326968358
0.7977012645 0.5447045791
0.9487298538 0.7460115263
0.2947900992 0.3999146107
0.6350431964 0.0643463301
0.3315787405 0.3964490629
0.1938359687 0.9585650981
0.8714075045 0.9244186529
0.6915659109 0.7541423719
0.2520790861 0.5698098458
0.0295744180 0.1090222703
0.5708950816 0.5187593455
0.0976486225 0.4245030542
0.7825181618 0.6451579955
0.1755613941 0.1220101425
0.3603107095 0.4923585678
0.0708230570 0.9324544531
0.0171601357 0.9861487720
0.6292309320 0.2395898717
0.8549904241 0.9370650173
0.0933854388 0.4864983567
0.7103072486 0.5804817865
0.3769714341 0.3071460341
0.7092962071 0.0085546106
0.2694403933 0.2777161751
0.2871431924 0.1619056698
0.3453263261 0.6824696557
0.2141026224 0.4060039228
0.9520913772 0.1115777833
0.9867087424 0.7226233482
0.2537031416 0.8495022326
0.0786446431 0.2838746205
0.4006938287 0.2104225771
0.9440645661 0.0459589172
0.7073001729 0.4039994096
0.4820125906 0.1381748065
0.6663533497 0.4397061517
0.6612176524 0.4869367799
0.8426863155 0.4438288700
0.5526577293 0.7783441568
0.8384613270 0.0618445232
0.3750537534 0.8661827786
0.9706975819 0.3011946259
0.8797663909 0.3699889151
0.5814310640 0.8498302741
0.3492066244 0.5334120409
0.9288344996 0.2143879185
0.0107861686 0.4426971030
0.6711289992 0.6651989207
0.2831964626 0.7219191760
0.4736154695 0.5559064698
0.0119963802 0.6713840289
0.9063263780 0.2782092530
0.8760558452 0.0378620444
0.6194141057 0.9977044981
0.6143494282 0.1558691163
0.7155658311 0.1482979982
0.0840787035 0.7496103842
0.3674177559 0.1287107552
0.4538320830 0.2716914234
0.7611777731 0.4690398599
0.0518540844 0.6004386611
0.9015937074 0.6732117272
0.6302664847 0.7420231121
0.8415546729 0.7562134522
0.6324411699 0.6492366240
0.0532040493 0.8853749407
0.7055745110 0.2241577623
0.7802914048 0.0646106739
0.5844911633 0.9383755319
0.5618952486 0.3587281216
0.6730144198 0.8011368332
0.1393611335 0.8392919442
0.2262306780 0.5157236072
0.5074941604 0.9210952658
0.4589799179 0.1482118537
0.6549608415 0.8672496755
0.7266365878 0.8576051606
0.7308366003 0.9635751501
