0.5085019273 0.8637247982
0.2009235521 0.4735424093
0.1489174589 0.1457509943
0.1857823686 0.9563156207
0.1145420225 0.6629402814
0.7668798718 0.3419229896
0.5130653354 0.4217430140
0.3156741545 0.3155616078
0.2479939899 0.4924917425
0.2380310871 0.6940771915
0.4379547746 0.8729976978
0.1137055770 0.3936524118
0.1748484827 0.8181658685
0.7267384771 0.7798768742
0.0458917429 0.1643065698
0.7505860500 0.9296034612
0.7824932307 0.5527426036
0.9014574712 0.7657764767
0.2530809791 0.2055804765
0.3275824860 0.3674053361
0.9880464094 0.2688408359
0.5897621582 0.1559658333
0.8107522853 0.9142788087
0.9556627705 0.4119059449
0.5404924863 0.2539646943
0.2037678979 0.6435928479
0.1227278468 0.5257170334
0.1406466420 0.8736825614
0.1359144987 0.0821952236
0.4628564791 0.0720951164
0.2543150155 0.4243911990
0.5746109944 0.7437960667
0.6207562885 0.6867238969
0.7115453474 0.5846307482
0.3671402774 0.8040169547
0.8095083916 0.7689849960
0.2550680563 0.3741954070
0.4292421868 0.7760255780
0.1001983092 0.4762170087
0.8504403212 0.0741593399
0.3427080126 0.9039526362
0.5705376990 0.7314367714
0.4820476434 0.9427302521
0.5492837491 0.5161999756
0.8091237242 0.4801836843
0.8888391474 0.6579936421
0.6581046226 0.1435856150
0.2679134853 0.9527803274
0.1129500425 0.7117557674
0.1305208481 0.2034342974
0.4022074667 0.3976018345
0.3901368206 0.9423183576
0.4323633524 0.1530052661
0.9971646578 0.9536549740
0.5500872828 0.8427681723
0.3811892614 0.6613656658
0.8786897084 0.3728304295
0.5912173249 0.0262946051
0.1053178080 0.9624506619
0.3369481241 0.2601509299
0.8799100824 0.7417206325
0.5548775110 0.6446608217
0.8575453738 0.1834023145
0.8412985669 0.4089610136
0.5693454947 0.4311167193
0.8843795837 0.2434051028
0.4929704785 0.4930698077
0.7596467743 0.1910038378
0.8753763379 0.5895109204
0.6594378213 0.3583122131
0.4505016668 0.5744288353
0.0680395272 0.1000207539
0.3526831406 0.5943784479
0.8767518827 0.5260842977
0.4045877335 0.8961662478
0.8209399902 0.1442259969
0.9534087809 0.5123453171
0.7612258062 0.0948066738
0.4163680961 0.1930715341
0.6105436786 0.9312673425
0.3094041105 0.8004267274
0.9614607439 0.5810471869
0.6198460922 0.8446327186
0.6970001302 0.2684812862
0.2632399068 0.0611308744
0.1427229031 0.6133376384
0.1132803737 0.0273397794
0.3201369955 0.7295467550
0.4242779927 0.4677138542
0.0074209054 0.5066100170
0.9353984465 0.3678092056
0.4167566021 0.0286258487
0.6955407900 0.3017553192
0.6218993941 0.4840645752
0.0358832141 0.3291529596
0.1294973027 0.3916623127
0.9533362145 0.0226019805
0.7325420139 0.1306860080
0.8642616673 0.8773098534
0.2024056605 0.7316854717
0.2296789294 0.7943443543
0.9151772819 0.9608509071
0.8637647337 0.3311955579
0.5734902019 0.6093935373
0.5131305301 0.7126555093
0.4274097697 0.9956479822
0.4529074344 0.4364465335
0.4455626797 0.2592541224
0.4714032696 0.6817147148
0.3752908213 0.1069262050
0.1555596731 0.9130388403
0.2337587580 0.2596110184
0.9488952097 0.6853610694
0.0203183230 0.0739840639
0.5173593992 0.0774936763
0.2307886973 0.0593381023
0.0748732895 0.6202369186
0.2632345364 0.8637590056
0.4041702283 0.3316070826
0.3400299722 0.0168138572
0.3429705664 0.1212158982
0.5347249250 0.1855110421
0.3752118201 0.6548434880
0.6274961939 0.3750664673
0.5310684380 0.9910739952
0.6957454805 0.6804302745
0.3188022809 0.5410414477
0.4726588905 0.8277440573
0.9500243587 0.1674189702
0.7486890603 0.4133224605
0.7762704464 0.2665877917
0.9670360832 0.2024601384
0.1317661172 0.7704906085
0.6925674975 0.0619695737
0.8093366460 0.4802677277
0.9386483526 0.2834427813
0.4033570218 0.6609834007
0.9912317175 0.8805538777
0.5315223050 0.1374861222
0.7687813719 0.6787729487
0.6404387376 0.5772193090
0.3980021084 0.5064731050
0.3455974468 0.2097023304
0.8728401985 0.5473736375
0.0357732563 0.6688015393
0.6774532120 0.1981887774
0.1567242954 0.5530792858
0.4443250075 0.2880999308
0.2135566636 0.3065972061
0.2690633419 0.0120128764
0.0382692133 0.8068328322
0.2482560315 0.5826293946
0.5038547061 0.3539553078
0.2774881372 0.9137341182
0.6254467920 0.2530683988
0.8595248179 0.9701795148
0.2603222942 0.5729533313
0.2029264440 0.1364873077
0.0289141676 0.7210298159
0.6680164102 0.4583239070
0.6681369357 0.0254559762
0.7232201458 0.9863009675
0.7781088830 0.0351926877
0.6719379407 0.7527585362
0.9013656620 0.1049421088
0.0537456854 0.2198553427
0.8069081336 0.2567427673
0.7207021460 0.4124113495
0.0864943421 0.2830708234
0.2871447526 0.6853296528
0.7108896138 0.6374309328
0.1404428816 0.3082959325
0.1721365060 0.2306751869
0.0483724239 0.0029144007
0.0339133045 0.4957301470
0.7947947969 0.7070255378
0.6876779325 0.5218513648
0.5845042905 0.0578409116
0.6655543840 0.8714833219
0.5527280466 0.3396013850
0.9538120024 0.7975912377
0.9718905449 0.1078565086
0.8633039322 0.0068638975
0.9993569673 0.4383618635
0.8380048109 0.6480579728
0.2796446748 0.1400233994
0.6541793602 0.9659969138
0.0680003512 0.9188948115
0.3455142899 0.4417258674
0.9562080292 0.8457796755
0.2009072647 0.3926253166
0.5586609123 0.5714359157
0.7684343477 0.8505041136
0.5935836283 0.7933528410
0.7138951118 0.8468765593
0.9884656267 0.7356792999
0.5180095328 0.2573857417
0.0268945030 0.3803572527
0.0620568331 0.8371278820
0.8750286099 0.8443612534
