0.4404120017 0.5515755577
0.0816112935 0.4336110971
0.3865547799 0.3763928924
0.6274826132 0.1013836457
0.4479337347 0.9605006702
0.9963500587 0.0174682725
0.3774995612 0.1705522511
0.4084286362 0.4460766712
0.2383260391 0.5562542586
0.3644479415 0.0928953694
0.5849062653 0.2369466559
0.9526568778 0.2462422142
0.8292437010 0.8938017978
0.9117236185 0.1119777197
0.9215745045 0.7724340345
0.6259717248 0.6383210282
0.9833814263 0.9563909087
0.1610417136 0.3560620363
0.7948317247 0.3353595952
0.7316206943 0.6326877898
0.8272745697 0.6726296883
0.9925602056 0.3182932329
0.6800955371 0.1827161234
0.9304457357 0.7184053345
0.0992478412 0.9047023477
0.1252039162 0.6588711019
0.6919488501 0.5803589745
0.9069088358 0.0912282289
0.3064678362 0.6747878667
0.3162715589 0.6383330386
0.4355071187 0.2975286023
0.4966664733 0.8838182341
0.4003855766 0.6730418503
0.5337362690 0.2341627233
0.1965991440 0.2592226635
0.1241053922 0.3970228167
0.5867352918 0.0680572564
0.2777215302 0.0617969830
0.8536978518 0.5147017725
0.3808656213 0.9019865996
0.5015415751 0.0256260242
0.3766695107 0.5750782853
0.7071509410 0.9399908451
0.7655666011 0.9725855744
0.2594243249 0.4802538174
0.0039651702 0.5353789019
0.2217135917 0.6536885284
0.2588510817 0.0099869409
0.8399092440 0.8128062996
0.0120131664 0.0748858415
0.8215692447 0.7371896795
0.0945353936 0.7667409607
0.9771914117 0.1863515849
0.9235024987 0.4594344081
0.0343140330 0.8303550365
0.7992656904 0.1044814971
0.5997841399 0.4843060354
0.4242142186 0.4844394321
0.4913745809 0.8240035909
0.1349886306 0.2213160764
0.3472700229 0.4316787238
0.8792102430 0.3897940363
0.2673094269 0.3606888600
0.0796430755 0.9604957227
0.7069857098 0.5249924761
0.7408409110 0.6309112371
0.4397660473 0.0818969472
0.0517081478 0.3524959681
0.1796514140 0.9064278084
0.9498983884 0.8730915360
0.4285413761 0.0172078061
0.4690893027 0.1276690313
0.5444537976 0.3035861113
0.0148221271 0.7298379306
0.1872863036 0.4419163424
0.4747926691 0.4016477165
0.7576202129 0.7107132724
0.6499419749 0.0707337248
0.4095509553 0.6366106273
0.7334125387 0.4118433757
0.2019676609 0.1375879696
0.2272839555 0.7977976204
0.9289320252 0.5347338742
0.5458758929 0.1231654685
0.5112381786 0.6850553187
0.7403924701 0.1468136499
0.7620456764 0.2031706147
0.7514936124 0.8298854644
0.8326697945 0.1659180171
0.6953065659 0.3338413539
0.3639349832 0.9820231102
0.9073175591 0.3333828773
0.9388967162 0.4174233416
0.0214011982 0.4871151921
0.9772284601 0.3291873213
0.6823374553 0.2754280756
0.0460162444 0.2013889812
0.0318094320 0.8907219318
0.2322196706 0.7613513604
0.6733837918 0.6941367056
0.5019766031 0.1985205732
0.0066398980 0.4194674490
0.3461657390 0.2280215432
0.7629197226 0.2722808182
0.6362528624 0.0014298320
0.7586362759 0.7912969488
0.9104940555 0.1714887481
0.0703373098 0.2280212046
0.6793449877 0.7895970047
0.1870387456 0.1773164515
0.1960921057 0.7390914565
0.1223801883 0.8092056428
0.1335119340 0.5231246773
0.2726895244 0.2501239225
0.1475044389 0.8537882287
0.9291276116 0.9745910878
0.8785283652 0.2359750663
0.6482692659 0.9579443430
0.8201624924 0.5836637346
0.7435845086 0.0396565212
0.0538968118 0.6896182554
0.1823539179 0.5461900318
0.1089014809 0.5061060034
0.2577036537 0.1922327888
0.8698899403 0.9870712537
0.8834305309 0.6161545470
0.4765465304 0.2757730679
0.5705555688 0.3899723733
0.5655908426 0.8064300886
0.2000093568 0.0546247395
0.3246237010 0.4493044201
0.6133272247 0.2918364719
0.6075387506 0.5494043975
0.9915188685 0.1431179579
0.2742390692 0.9481767717
0.5105903213 0.3826239551
0.5539278220 0.5415048300
0.3433590251 0.2634260509
0.1091756386 0.9975770339
0.5953054767 0.6157754814
0.4510214845 0.7849283625
0.7710320343 0.5090786208
0.8543049079 0.3284885298
0.5467608662 0.6533867866
0.1750392098 0.6301843408
0.2427675210 0.5670177047
0.6524640661 0.8591985846
0.3258231165 0.3356425028
0.0735687131 0.5726404511
0.9831164367 0.6605636148
0.8554729121 0.5104032355
0.6036845667 0.9008564741
0.6666315162 0.7430504233
0.3363716960 0.5449598863
0.7753212270 0.4363337310
0.5458269197 0.9938230003
0.9171252119 0.8961948344
0.6755049501 0.4505426397
0.2888721002 0.8464842482
0.6538618486 0.4233154754
0.4439307336 0.1777710089
0.1353523029 0.2811094025
0.6229684370 0.1845146701
0.1473229907 0.7132900597
0.8142526414 0.0481934183
0.5366558073 0.7251787959
0.4919470433 0.9359566143
0.0568973381 0.6284584084
0.3305681507 0.8174508885
0.7893997759 0.2552077109
0.2214128944 0.3188553439
0.4908932048 0.6076201110
0.6320885590 0.3516302559
0.7108232047 0.0895009194
0.8862597706 0.8180530211
0.4247346661 0.7567765093
0.0722476829 0.0541037198
0.8067667061 0.9176088688
0.5349277381 0.4641873244
0.5993207530 0.7608539820
0.1634196476 0.0309926412
0.4112922094 0.8533112831
0.5647411557 0.8844474260
0.9033969658 0.6792687438
0.0124749739 0.8026315803
0.7989804254 0.4126128747
0.9597294234 0.5936232899
0.1939240539 0.9944388762
0.3352271956 0.9381969123
0.3602156681 0.0756836387
0.4966463625 0.4952655607
0.4017141463 0.7356900061
0.3167594606 0.1326686908
0.2485260620 0.8984270346
0.2495163749 0.3997255524
0.8876356804 0.0066949228
0.1132182169 0.1037098515
0.7299451116 0.8852429049
0.0852541063 0.3054513160
0.3367979123 0.7557223753
