0.7834715555 0.9107448924
0.4047923361 0.5569536055
0.7910552879 0.8143092822
0.4226508212 0.8592525999
0.7440656827 0.1583467496
0.5374525646 0.7535249388
0.1931444455 0.8087625273
0.5038593687 0.8608693316
0.1437671635 0.0755596325
0.7277546120 0.7427503823
0.5747262976 0.6806613582
0.2511694714 0.2560453504
0.2827685030 0.7549952598
0.1285437363 0.8798016614
0.3915945096 0.3687835089
0.2340810692 0.8701197964
0.5572934959 0.7809323498
0.3827331705 0.4557129625
0.1699775115 0.1733695313
0.3463652465 0.9281330064
0.0686417154 0.0916136453
0.9542255043 0.9296460387
0.5624088547 0.2677347408
0.0130775248 0.8167619968
0.6762770868 0.3600962416
0.5528982223 0.5837555612
0.1678518653 0.9424132725
0.8666035171 0.1929747117
0.8187255302 0.3770946443
0.4642279406 0.5978029006
0.8407359761 0.7353662637
0.8908316655 0.2465393935
0.1121497829 0.5650948278
0.4151943779 0.7542298070
0.0729951219 0.2404042663
0.9449116367 0.4249922964
0.8526592290 0.9877580279
0.1670227440 0.5067133688
0.7586562831 0.6329243459
0.0585098379 0.4159240596
0.9849451903 0.6888455107
0.0120256828 0.1846257745
0.1642814110 0.2988971169
0.5079227874 0.4059398772
0.7084504526 0.9018384425
0.4418610167 0.8086700303
0.8481565170 0.3186486975
0.9787645700 0.7371759118
0.8930464972 0.5799541899
0.5526064459 0.1974611518
0.6207041621 0.2217567443
0.5785199592 0.6230510827
0.3605634865 0.2757420946
0.8954311259 0.4141249883
0.4454442612 0.2412978113
0.3015741129 0.5703745801
0.0226829308 0.0220973479
0.7785778696 0.3218249664
0.7077776999 0.0336134634
0.6137647219 0.8932791872
0.0216350536 0.2670033665
0.0750884342 0.5243635307
0.4201022911 0.1137093545
0.3556056195 0.0015319894
0.5382440806 0.1354609269
0.8883591118 0.3648976831
0.8593357592 0.9298626660
0.2817737971 0.1984260184
0.2637044526 0.0771860764
0.4095599631 0.6752404064
0.0748659311 0.6183908105
0.7653161554 0.0565560827
0.9452160707 0.5507065491
0.1034911000 0.7014483533
0.6299733081 0.3572682186
0.4444393740 0.1201169024
0.3070804562 0.8778844279
0.9474414516 0.2215937698
0.0160941944 0.6261608199
0.5453006427 0.0388125890
0.8666289622 0.8789460640
0.1257682290 0.0499363850
0.3458434828 0.3686467780
0.5157015651 0.9644511069
0.9010918048 0.8616245722
0.3570745913 0.5291931289
0.3194899756 0.0851016559
0.6222945734 0.1252914256
0.6314365000 0.1571282947
0.7341351606 0.4752696478
0.7048704017 0.5920194367
0.0728848882 0.3439682101
0.2787549870 0.4388641059
0.2241108221 0.5808472170
0.6365616616 0.4858776709
0.4386183358 0.9815134988
0.7556662543 0.1368086042
0.8068618964 0.7376990350
0.8152941196 0.5942803209
0.4642436115 0.6590571697
0.0551433353 0.9174109176
0.9894931581 0.1714536895
0.3331767100 0.0855544702
0.0144422705 0.8964398931
0.1669022464 0.6631464887
0.5254134491 0.4868974900
0.8980640226 0.7244591129
0.2767955319 0.1368505531
0.5291664641 0.6694217489
0.0812240088 0.8087009111
0.1462383814 0.6740794714
0.2357974923 0.6574445842
0.8014659339 0.2227087271
0.7154222257 0.6534232291
0.9822546752 0.3181467780
0.6648932701 0.8191564121
0.4827725546 0.9033365312
0.7207761388 0.8390191447
0.3299823908 0.6583004331
0.1340657282 0.2452499041
0.2196846634 0.4125927114
0.0850739971 0.1561061018
0.0392268466 0.4965520751
0.9362817148 0.8354931292
0.2599551492 0.3335252231
0.0946004496 0.3520095030
0.8448732452 0.6542529524
0.2251996719 0.5143732811
0.4890032040 0.5144969519
0.9637618252 0.5754277064
0.8751697435 0.5402501911
0.7895066235 0.2610732548
0.1657893322 0.3708428491
0.2043193671 0.9534892057
0.1703330248 0.4264550263
0.7515740937 0.9590219360
0.2783923046 0.7095124090
0.2029557581 0.0998278999
0.2232928198 0.8674653798
0.7349573387 0.4105084382
0.9646750728 0.7786420983
0.9489476766 0.1069458053
0.9920885068 0.4987324799
0.4503057955 0.4077986113
0.3699394187 0.6641699177
0.7941048496 0.8141618846
0.5683041237 0.9609357107
0.6734210948 0.7368026988
0.0660115702 0.7457552484
0.4920057066 0.2811291660
0.3113686719 0.4705562638
0.9220133102 0.3144895951
0.9285974501 0.0300656237
0.0972745383 0.9644885978
0.4378067682 0.5232050795
0.5483325197 0.8347486137
0.6570835692 0.5747155480
0.4967984378 0.0456816904
0.0073556218 0.0937962295
0.8730181455 0.1289729741
0.1232900466 0.4701852371
0.9842289319 0.4201432649
0.5559238444 0.3506855692
0.6884103968 0.9824629882
0.5182427812 0.1289363905
0.8955968172 0.6633962055
0.8264499282 0.0473731204
0.1072356183 0.8052482953
0.6903467897 0.5111194243
0.2704767958 0.2413635078
0.5828436193 0.4272136477
0.8090477998 0.4971721182
0.6322948249 0.2931039953
0.4072873284 0.0416149763
0.4394138511 0.1913583182
0.4033399140 0.9245230165
0.5683636038 0.5410900737
0.2085037745 0.2339361958
0.6737487228 0.7196586126
0.6056005416 0.0349460111
0.5328762283 0.3445329659
0.7100200204 0.2916520995
0.4891764957 0.7234379497
0.7012455835 0.2358901352
0.4379621631 0.3219292561
0.3610429861 0.2001840022
0.8978669353 0.0354146370
0.8351715753 0.1172712923
0.8159631537 0.5174376792
0.1891713375 0.7540506514
0.3362091491 0.8185922655
0.2991141165 0.3800422758
0.7293733245 0.4280209705
0.2770174297 0.6159522195
0.6443134187 0.9075819112
0.0123280022 0.9924827595
0.1953449074 0.9941341950
0.2766393497 0.9767406699
0.6809919172 0.0761084800
0.3512950341 0.7926756242
