0.0211884729 0.3092115943
0.8601040552 0.0788571096
0.6024922410 0.0779549657
0.7691409290 0.0561624318
0.8120045556 0.0189149233
0.4302593948 0.0928295428
0.6930905288 0.3790309325
0.5006731711 0.5339671911
0.9487617912 0.3011981757
0.9547775953 0.5933507619
0.6694986253 0.8753761455
0.4894158953 0.9804878284
0.7821891228 0.6163927061
0.7699077266 0.7049451392
0.8633809308 0.4206779765
0.6170094847 0.8100930786
0.4012492484 0.0914351625
0.4643366472 0.3259006712
0.3743428903 0.3683867298
0.6172934808 0.0353555111
0.2033203509 0.4183692085
0.2936081574 0.7517362645
0.1375527774 0.3414768508
0.0228901631 0.1520033867
0.1452385916 0.4864996227
0.3965182199 0.8547992113
0.2140259679 0.0836586074
0.0481661196 0.5719651694
0.6858145997 0.7118061456
0.9549258568 0.9097226222
0.3057213702 0.3110405244
0.5399481236 0.2658396836
0.5377484259 0.5931694616
0.1052089766 0.0697848502
0.7148684107 0.6254380546
0.1694378302 0.0585554540
0.2146071242 0.1817630077
0.0441848668 0.1095574555
0.9113559225 0.9037895593
0.6228175360 0.2499141269
0.3630475644 0.5562053487
0.0279646233 0.0094745875
0.3717073512 0.0009885338
0.4569418076 0.5062719326
0.5332636355 0.0234376732
0.6922142603 0.2340838624
0.4945459363 0.8865891997
0.6863999950 0.7235404353
0.3477713807 0.3225831457
0.9483237306 0.4532438263
0.1445247225 0.2644842546
0.2914018144 0.1057970945
0.8523978198 0.5996830248
0.9400948747 0.1526296282
0.0712909525 0.9056538031
0.3031041537 0.0273718641
0.3790039728 0.1808178720
0.5291500351 0.2243091542
0.3150382943 0.2102468325
0.0590427770 0.4569750378
0.6170411961 0.6555611598
0.3985346779 0.9654857339
0.8493135308 0.9898968581
0.3075749185 0.8431021058
0.3938968127 0.9103913577
0.0270970747 0.5184795408
0.8741815048 0.3563830966
0.9472983151 0.6874769687
0.1625814053 0.9919299110
0.9906537731 0.0458495787
0.0931928433 0.2620922179
0.2945410764 0.5594990122
0.6910637000 0.8305634418
0.1016409432 0.4023295101
0.4476518535 0.2757733352
0.2503550249 0.3306498689
0.3677168750 0.4801605151
0.8196390814 0.2740843761
0.7294609484 0.9375977591
0.7433382401 0.5394094861
0.6288586084 0.4431684281
0.6969296102 0.4874211034
0.0949708590 0.6481625249
0.0781875605 0.8273430360
0.4392023608 0.0279055443
0.7625735000 0.4579320919
0.6358100716 0.5742114002
0.0146008999 0.6184741238
0.9282178865 0.7647456718
0.3253827072 0.1548767416
0.2117294977 0.4066275178
0.7002383182 0.9544813385
0.2416312677 0.5145600694
0.5609075145 0.4795692815
0.8330360489 0.8228936396
0.7108665311 0.1717902394
0.1689772304 0.5819937265
0.3548720981 0.5934305391
0.5665473057 0.3144442624
0.2570427255 0.9129874973
0.0446593363 0.9302732671
0.7286868100 0.0506999513
0.4382605032 0.2032465831
0.8063892564 0.1427361888
0.9460991934 0.6342618147
0.3423738732 0.6647814024
0.9356805484 0.0620658544
0.9972395561 0.7258147442
0.5049680899 0.8963234120
0.6751485496 0.0406706672
0.5391945959 0.1370369529
0.1534806152 0.1673116773
0.3503146326 0.4762150126
0.7230007025 0.3204088557
0.3729242792 0.6929723854
0.5464880156 0.3950281444
0.3067633155 0.9620313166
0.2668809465 0.2500846918
0.6085106206 0.6093414010
0.4612292433 0.6056996313
0.4950499852 0.4670242471
0.1857266830 0.6546411918
0.7511523111 0.2098307998
0.4407407561 0.8173750750
0.2650564163 0.8068424798
0.2114236557 0.7490325377
0.7922632931 0.5511786876
0.7436013906 0.1193927740
0.5224858888 0.6941109054
0.8434913476 0.2029751181
0.9878713449 0.7996482512
0.5901361087 0.4621176787
0.4362989317 0.4227483918
0.4616025354 0.7284474457
0.5671700822 0.7925779400
0.2168228100 0.9156362147
0.6383798476 0.1463917520
0.7629705700 0.9095675531
0.6122128978 0.1656745213
0.6172752183 0.9658141818
0.8769245819 0.8288845566
0.8218847557 0.2797187458
0.1371155944 0.9234310595
0.3249772314 0.8858315804
0.5430912140 0.6783932558
0.0717524924 0.3597140790
0.8175938472 0.4756405344
0.9414902117 0.0010761150
0.0763248527 0.7133775913
0.2708596828 0.7216747323
0.1496216065 0.8377397111
0.6731713848 0.2997070400
0.2425336675 0.0524772576
0.2225326256 0.1958423726
0.8181577609 0.6628148731
0.9523181381 0.3689999078
0.0470030517 0.2663627894
0.4581428741 0.1755068813
0.6639626816 0.5531152614
0.1045655715 0.1477332633
0.8820300150 0.5465223646
0.2520731841 0.4740699720
0.3721696501 0.7706569621
0.1252736922 0.5990744752
0.1123907646 0.7334343953
0.4823634849 0.3772896091
0.9536212711 0.2060090645
0.1778020002 0.7350910072
0.1124522129 0.7848758125
0.4391003015 0.7295381998
0.1975835653 0.2835201954
0.8261625863 0.8963086426
0.9832494272 0.8472246401
0.7720865385 0.7908732969
0.1607861905 0.8833197507
0.3830113421 0.2702350391
0.0898737769 0.0075517417
0.5603492775 0.9629886928
0.6455358270 0.3978967317
0.6042481510 0.7383171510
0.5164312575 0.1298812377
0.7327043164 0.7993404459
0.8726192643 0.4371888427
0.9076650113 0.1323143317
0.2710011734 0.6238635407
0.0189558980 0.1970505216
0.5966998071 0.8896291279
0.9083624420 0.2594006598
0.8954722062 0.9373843835
0.2939644265 0.4080355588
0.2080018389 0.5473527782
0.4341233583 0.6444021795
0.5173578198 0.8144691272
0.8858324749 0.7497833007
0.8627518404 0.7135584263
0.7982849970 0.3629466269
0.9355909484 0.5339121911
0.7260166373 0.3807705050
0.0793723791 0.4412099246
0.9658005157 0.4601769715
