0.9608624869 0.1916311904
0.6192195814 0.6482373497
0.1392974174 0.0720402342
0.8067840670 0.0882090838
0.4737422113 0.0594501997
0.9750522782 0.3700094497
0.8274304537 0.3696517744
0.2731336240 0.4310618327
0.7260905794 0.5007794038
0.8876006221 0.2974620983
0.8955010730 0.5273387287
0.5272835643 0.8708292186
0.8037244455 0.7360720045
0.7012807987 0.8768900443
0.3168753617 0.4257413683
0.9243858287 0.9926268415
0.4817735597 0.2308931400
0.6178744409 0.2904192581
0.0212269856 0.4316737299
0.0629975184 0.3443415984
0.7701224338 0.0637163494
0.7289798381 0.3494219748
0.6152043734 0.5640388515
0.1177176664 0.2797360551
0.0884249696 0.8490221306
0.4505904977 0.7736559700
0.8786679707 0.7870938521
0.4173842385 0.8791347978
0.1563474171 0.8226191641
0.4692442395 0.4057024798
0.6153024723 0.1754328090
0.5518493980 0.0539879779
0.0749133629 0.6536990321
0.6685001375 0.3512797748
0.4974828129 0.7401771803
0.4784839157 0.4887341632
0.3496507775 0.4734179532
0.4214026632 0.9765185801
0.7850856284 0.5088972755
0.2385434069 0.5347704304
0.7161119494 0.9266749414
0.8891409011 0.1320773861
0.5872741106 0.4204811756
0.9587223919 0.9242494958
0.1933134006 0.6059835491
0.7990925171 0.5665103657
0.2561063622 0.6546427459
0.2713029974 0.2533898201
0.0392318401 0.5601383141
0.7713079829 0.1505749456
0.5446844819 0.7470030407
0.9758196780 0.1067556517
0.5438332143 0.2370056097
0.3311600609 0.7657864378
0.4377287485 0.2998595809
0.8161362162 0.4471618751
0.5529589728 0.1618648632
0.4823623594 0.1629010383
0.7810671830 0.2170201873
0.3015653033 0.9532478366
0.1372272446 0.7644272231
0.3755768273 0.0741292289
0.8720431881 0.7176251401
0.7834661152 0.9521320002
0.5476630695 0.5776545436
0.4171656022 0.1310692806
0.5429356183 0.6570335380
0.8167670052 0.6625061697
0.7642349149 0.2933747487
0.0707756591 0.2329552131
0.0279028212 0.0380266092
0.3905000895 0.7542678612
0.5142188814 0.0980826470
0.0690807173 0.9516754144
0.0870324956 0.7035444643
0.2765750803 0.0819993228
0.5393988284 0.3644770288
0.9950158864 0.6928063685
0.1435154942 0.3550941123
0.3633275026 0.5575066331
0.3871505858 0.2238791046
0.0826836281 0.4451432179
0.5174030643 0.3114441984
0.9191094652 0.6842365565
0.8838405192 0.9538110570
0.5655149799 0.8017585824
0.0964893594 0.5100350594
0.1005793825 0.2573132141
0.3418922249 0.8767762352
0.6085303831 0.9008084189
0.9648646623 0.6180243940
0.7124695535 0.0374817041
0.6112839884 0.7139194334
0.6958665918 0.7180550152
0.8615633959 0.9994628700
0.2385711983 0.7690295923
0.5044127463 0.4401255924
0.6246895659 0.9298680103
0.5996206260 0.8104774144
0.2392972039 0.7159809302
0.6293961904 0.4440741270
0.0234709729 0.3171494205
0.2572002702 0.0323276078
0.8039876551 0.3116390657
0.7863528933 0.8358584421
0.1779381608 0.3357617087
0.8616172131 0.0721152018
0.9628365702 0.7961845164
0.4451352388 0.6947551656
0.6918975604 0.1971914310
0.3230792047 0.1439494888
0.1254032286 0.1619690043
0.6902665352 0.0600055759
0.5761739008 0.4995183540
0.6336927030 0.0090677452
0.0402725437 0.1571366687
0.8539179458 0.5679233175
0.1470271029 0.9010166048
0.5012711342 0.5308171979
0.9898432709 0.5727300845
0.4176801342 0.5733233152
0.1534902735 0.6041118206
0.6616194954 0.4917334517
0.4297739051 0.3473144323
0.2856494208 0.6432247718
0.9124149270 0.4025811674
0.1795660812 0.0966691993
0.1300225497 0.4366724906
0.3457372468 0.0359800006
0.3214599524 0.1507656880
0.6821319335 0.5632249448
0.2351914120 0.9740822546
0.2344527397 0.4985261580
0.0580048844 0.0911118098
0.3852409856 0.4920778974
0.6539597368 0.6446618578
0.7356722131 0.8442260738
0.2073505983 0.2666462130
0.3608298291 0.6584961101
0.2611387484 0.3538933002
0.2250381005 0.1696559175
0.8326732371 0.6153908191
0.1821521489 0.2092624788
0.6849120593 0.1476802792
0.2578733185 0.3546420818
0.5157881368 0.6427953740
0.2334127103 0.8069185974
0.9852698925 0.2212109760
0.2783660207 0.8630348232
0.4607636573 0.8325600328
0.9118326364 0.1804844617
0.3620914929 0.7069891110
0.9691261680 0.3254065475
0.8961044346 0.8552873034
0.9585254405 0.5031755095
0.1326310670 0.9704936834
0.0360675265 0.7757534795
0.4672711818 0.9253529610
0.8537000360 0.9072561248
0.3475341520 0.3236899158
0.1894562601 0.4323907721
0.6821098435 0.2862832188
0.8475023795 0.2338212505
0.8116839655 0.4334836493
0.0974751791 0.5914703152
0.2977335352 0.2307816300
0.5101278413 0.9832087079
0.7471975292 0.9744479936
0.0676797964 0.8026114885
0.6549686665 0.2189996538
0.9236272755 0.6246432507
0.4128882747 0.2230143494
0.3974034993 0.3989229752
0.9953501113 0.0331389718
0.7334928723 0.7034536308
0.7227635695 0.6178100950
0.2129346972 0.8811315518
0.0101151345 0.4689673608
0.6559509861 0.8456232727
0.9934599393 0.8803042029
0.4429562852 0.0121960279
0.8517008076 0.8477833589
0.7545293643 0.7714559215
0.1945806871 0.5307374089
0.8595524387 0.2273512147
0.2096702990 0.0789876119
0.3442577990 0.8358107366
0.7294595287 0.4258428486
0.3467728540 0.9339079132
0.3354088723 0.5911607628
0.5995529470 0.0010851419
0.1782730321 0.6815762270
0.9918511836 0.7793067852
0.5961842354 0.1102604994
0.5829846575 0.3100276305
0.1827834907 0.9719135136
0.9461110032 0.0674001485
0.0649022784 0.9204714104
0.8940690008 0.4456781301
0.4564190762 0.5883246198
