0.9640682748 0.8510697751
0.5633528044 0.5562283165
0.8871012918 0.4256159534
0.2471009620 0.0712243958
0.3909897900 0.5872532214
0.7455757182 0.2805760769
0.4232616397 0.4940002054
0.9279352727 0.8766983118
0.7352510837 0.7139371648
0.7583564488 0.4401350675
0.9778552991 0.9824519565
0.4416933817 0.6425306720
0.7107930988 0.5824334960
0.8770534243 0.7799068582
0.1481495921 0.3023179555
0.4768648137 0.5490822422
0.9615119841 0.3643200699
0.3946211470 0.0230061376
0.4296558250 0.3560195190
0.5569356934 0.8171556314
0.1178443512 0.0526533073
0.6438974549 0.0631414658
0.6251504121 0.1746495373
0.8463987924 0.5596603899
0.1403945285 0.6727650653
0.9341290006 0.7945679985
0.7067802498 0.3515052316
0.3232650832 0.2395064023
0.1521960352 0.8185358655
0.1850417567 0.9980419867
0.2081944118 0.3266695595
0.8782037480 0.7039112616
0.0154182217 0.7603313385
0.5689173517 0.2042037823
0.0587866882 0.2342002811
0.0309864208 0.9588452529
0.0611551900 0.8515040385
0.6781560682 0.0497745909
0.8002498090 0.3314341017
0.8913052552 0.2422771561
0.0985304899 0.4763926286
0.8191655249 0.1658429058
0.3650775589 0.8522985891
0.5006358437 0.8700639112
0.1602940547 0.9058313616
0.4886042810 0.4219089690
0.8818423835 0.0869391610
0.5877329135 0.3789813336
0.9415733526 0.9364988376
0.3525060126 0.5097894612
0.2745997221 0.8512990893
0.1013014892 0.7321604338
0.0339838583 0.5651341917
0.3348908363 0.1342955048
0.2451643738 0.4381702313
0.8659849253 0.8811633612
0.0358437172 0.0767959423
0.6384949405 0.5716073127
0.5868386582 0.2704733511
0.3333451404 0.0677878311
0.2216173512 0.9571943148
0.8603715230 0.5417819118
0.5753769992 0.7328513507
0.1144262845 0.8329588022
0.1516092955 0.3816949438
0.5261832880 0.0386441494
0.7321526498 0.1329056049
0.9415550326 0.7123208135
0.6930020880 0.0372893021
0.7402593304 0.7541065761
0.4158593067 0.9462513365
0.2178353283 0.2655574621
0.6107017304 0.6749186731
0.4413241985 0.6202199296
0.9438076567 0.0215693132
0.4547119303 0.1485189715
0.9398958559 0.5425886655
0.1742998618 0.6219515786
0.8318416035 0.0583217212
0.6551824390 0.7443161660
0.9063829449 0.3355333295
0.3157693940 0.4188231457
0.9922048274 0.2885027237
0.8026169366 0.3795214760
0.2954086972 0.8871541971
0.5298064331 0.9182073770
0.9861696062 0.4542251603
0.3253312961 0.9475346324
0.2503843373 0.8245416668
0.6174672391 0.8852086530
0.7969587088 0.9699480590
0.6854552816 0.4862409859
0.3629034800 0.1815901172
0.3149163888 0.9669634959
0.6421457343 0.3925535621
0.8560161969 0.6467407879
0.7017826636 0.6778642717
0.2334926569 0.3998258212
0.0963296390 0.2530538359
0.6008922064 0.5092854483
0.2673888404 0.4933635646
0.6648056542 0.8114001810
0.5467422718 0.6333254910
0.6467519570 0.6232001380
0.3645774365 0.2793175401
0.7819493289 0.6167890347
0.5541074151 0.4418140198
0.1298387807 0.0715846561
0.8036563246 0.4581159526
0.4751068017 0.3533241571
0.4063974002 0.6855269125
0.9589769517 0.2193290359
0.3899063749 0.9176895762
0.5394580791 0.1175728903
0.5079563330 0.4974931507
0.8746288565 0.4703589784
0.9292608006 0.4243996069
0.2329249145 0.6758668911
0.3434749925 0.5647244428
0.7782368759 0.8037076794
0.0575194459 0.0153889563
0.0524753991 0.3185080552
0.5957807130 0.9740759522
0.1533348305 0.7404139358
0.0250513650 0.1687309673
0.4477171088 0.8737974954
0.1054296455 0.5965431695
0.0475106573 0.6939386650
0.7045915518 0.3713715799
0.1134848149 0.1427174154
0.5056915406 0.6181442033
0.6454672033 0.9148334353
0.1914709412 0.2228232384
0.0158653511 0.5168186715
0.4417559704 0.4456835187
0.3014398251 0.7632460985
0.5447737925 0.9342452334
0.3297339888 0.6810242063
0.3185442165 0.1055430226
0.0221453135 0.8583493580
0.7279606691 0.2467768978
0.6592809772 0.2558870874
0.0135155660 0.1480289017
0.2482054100 0.5615636000
0.7450913873 0.5153385196
0.4917381177 0.9980882094
0.4538278969 0.0654460537
0.4482054037 0.2620937762
0.5170330439 0.7294372164
0.3705843230 0.3979892081
0.2120854991 0.9121534386
0.2012116610 0.4990088908
0.4416605544 0.7876919819
0.1993636790 0.1180810928
0.4989795885 0.2349872527
0.0680031557 0.5014000220
0.0610571619 0.6333709566
0.2133950627 0.7621862022
0.7110297956 0.1657632205
0.9836897794 0.6173866147
0.3458318006 0.7444081345
0.2539794482 0.5938502493
0.1337715023 0.1908022563
0.9645581359 0.0719412601
0.3424636978 0.3349324186
0.0643751066 0.3642992771
0.4001030228 0.2440170297
0.7839697194 0.0739197547
0.7649569638 0.0117518508
0.1570109883 0.4457876129
0.8130771351 0.7555264585
0.1676523632 0.5513040680
0.2247508323 0.1732349393
0.5802386815 0.7898298278
0.6357859280 0.1404828945
0.5204263850 0.3180063274
0.0981180204 0.9269263146
0.6434877258 0.4681923217
0.2621451491 0.3192727471
0.4818641362 0.1687994545
0.7214420905 0.9343394640
0.8983160623 0.6261512894
0.9733891708 0.6978403804
0.7942760509 0.8979018584
0.2609437145 0.7028551959
0.0662367265 0.4087916062
0.7035809090 0.8725560756
0.8434370612 0.2647892790
0.4488342383 0.7190068647
0.4253881994 0.1209990263
0.7807117205 0.6331501759
0.8052057172 0.2052628755
0.7806844460 0.8690433713
0.9393130767 0.1354912589
0.8659416411 0.9564986537
0.9044766142 0.3063018243
0.8850634905 0.1607271352
0.2562434593 0.0249260066
0.6070781620 0.0174810739
0.5893415538 0.3105377735
