0.9294528668 0.6073470899
0.5349409590 0.6010069284
0.9179113556 0.7629083128
0.7014098201 0.8601709031
0.1371972652 0.7202900430
0.6034646565 0.7613536540
0.8847252225 0.6427678529
0.7116258014 0.7543273007
0.1827059456 0.6894106277
0.5010528824 0.9709446125
0.7043772864 0.3346510076
0.4860969530 0.7423346182
0.3613794299 0.0871516884
0.8219707478 0.3325776053
0.2410270673 0.3494374389
0.1572446323 0.0848558254
0.2931284968 0.0972715659
0.2614496246 0.8136402590
0.6206024632 0.8924555240
0.8156193594 0.2653100674
0.7374536561 0.0713550927
0.2445096160 0.2673177217
0.2103260771 0.9333529520
0.6836586734 0.6822053911
0.6831599173 0.0164164180
0.9817934576 0.7727097384
0.6119734352 0.5295449729
0.5838910172 0.1456449837
0.4549153247 0.1389516176
0.5431140084 0.0390078007
0.9464346049 0.4098421946
0.2234951243 0.1486603549
0.3144214407 0.9685422443
0.6908272827 0.1497110673
0.3608957688 0.4133647126
0.4731568056 0.8799686764
0.2804620351 0.0144215775
0.1988589846 0.6598644019
0.3086332432 0.4535937353
0.5835567115 0.2546540982
0.8295134846 0.1871975161
0.6712071418 0.7989256922
0.3323261454 0.6581268764
0.9869468127 0.5003194631
0.7012867904 0.5157700620
0.6592959193 0.6429458447
0.2362199975 0.8367719411
0.6110983615 0.2216940085
0.4961133984 0.0293990310
0.7801412851 0.5605588829
0.3401777723 0.0195484981
0.1441986256 0.8854198793
0.6192576456 0.3784469673
0.0820864405 0.9435957168
0.0180957804 0.8605155984
0.4279164600 0.0282243424
0.0261409118 0.4564136605
0.5281457959 0.3917632488
0.9501852386 0.1115606202
0.4505897118 0.6575582997
0.0831225150 0.6205118448
0.3505748827 0.7769313452
0.7986128294 0.9388052739
0.0215826067 0.7161064972
0.6668861915 0.1762318566
0.4486417798 0.7298988898
0.8501616098 0.7687436102
0.9160494759 0.8184291722
0.9712563225 0.6967332916
0.1684618484 0.2822950417
0.0773449059 0.6775766343
0.6908166472 0.4539654209
0.1011540656 0.0176041213
0.0118368153 0.9754353245
0.1314442212 0.3318702672
0.6072622935 0.3338946738
0.6418778792 0.4432712151
0.4428577397 0.3352987187
0.8779751234 0.1729328911
0.8704437715 0.5323640361
0.3031922728 0.2630937990
0.1019235139 0.3367051341
0.2082397986 0.4697722397
0.7043724667 0.5628192923
0.7945005502 0.0269332825
0.9349822714 0.9578915142
0.0373700791 0.0548571856
0.9519860464 0.9761393834
0.3738866551 0.7716847313
0.3646296447 0.2114618990
0.1028336625 0.1480070696
0.7979638303 0.2606835189
0.4282324116 0.9168915064
0.3913554471 0.9688069235
0.7924958931 0.7730480595
0.0845323151 0.8086108393
0.0729639702 0.2653123939
0.5491411854 0.6877046439
0.2644892371 0.6197827658
0.6168277152 0.8209515634
0.6445073026 0.0235248112
0.9660005661 0.5554548146
0.9063190298 0.0032397049
0.7989420706 0.0996202405
0.3852325802 0.5970938222
0.7850470865 0.7909009613
0.9253654540 0.3199002721
0.0643761446 0.4501705265
0.8836653845 0.3967703936
0.2835008827 0.2043705518
0.2812672491 0.0892086223
0.2628369894 0.8928587716
0.7844937290 0.9006960003
0.5306181127 0.4383050912
0.1648950791 0.8132242258
0.9670707913 0.1719250172
0.4405040055 0.8352509629
0.1944781834 0.0369348749
0.5241785875 0.8072046696
0.7129252366 0.3037276944
0.2868661487 0.3833494815
0.8455297943 0.5791038802
0.2755914603 0.7422110900
0.8778948181 0.7041480861
0.1781796897 0.5889576554
0.4324447518 0.5458222776
0.3441292449 0.8869015705
0.4189811025 0.0889657220
0.8207818879 0.3891364469
0.4412452662 0.4216136724
0.0397877096 0.2097501647
0.3533167559 0.5558063340
0.1336599329 0.4858616115
0.7751488818 0.4829125751
0.1005482867 0.4143038019
0.3737653017 0.1511494577
0.5767857060 0.4689293902
0.7389444614 0.2218053908
0.3756352969 0.7095014037
0.5890738797 0.5725023110
0.6158311009 0.0974555425
0.8734401305 0.9000848654
0.7431950973 0.1185968904
0.4806498959 0.2537309936
0.4064310444 0.3038013933
0.8604308223 0.0862563964
0.9787692590 0.9048310019
0.7618840275 0.7029979512
0.5506865694 0.8933892760
0.1683391825 0.5832506998
0.6620631640 0.2598713695
0.7311138081 0.9926141115
0.5108940720 0.1194080545
0.9913308713 0.6251242316
0.3914197106 0.3709602618
0.2887520526 0.5656019307
0.6071785389 0.9803846155
0.0912644804 0.8552631329
0.5161598266 0.1802121376
0.2343277373 0.5138589458
0.3728303358 0.4862466110
0.2764581877 0.6965706845
0.6988490296 0.9103242733
0.1320129233 0.9715254206
0.9139387006 0.2292523341
0.8224397939 0.9752862484
0.1043011909 0.5352987038
0.8114811722 0.4241166738
0.3938527160 0.2328441583
0.1872113987 0.1828773548
0.9896483616 0.3349921885
0.0413568506 0.2510982796
0.1943295523 0.7656771785
0.1477090528 0.1971606752
0.8973576566 0.0814965882
0.4529050071 0.6320712842
0.5023746584 0.5237473955
0.2730830580 0.4525674987
0.9143170701 0.2939290405
0.8652421379 0.4749687195
0.0350176959 0.5961368673
0.5586129352 0.9645316605
0.0145635469 0.1538763221
0.8155712482 0.6547052764
0.1243873909 0.0767768805
0.7627363719 0.6387600056
0.2026682474 0.3888186675
0.0454920517 0.3290691174
0.5071834149 0.3395888969
0.5983914464 0.6862825442
0.3210211491 0.3211153169
0.9227636730 0.8621622590
0.9335436753 0.4763584098
0.7398794017 0.3995144963
0.3366505111 0.8459909002
0.0123675723 0.0575131605
0.5279889560 0.2579293543
0.5408093487 0.7648653804
0.4835459729 0.5048892081
0.6694757413 0.5949709991
