0.8383092215 0.0845358311
0.7251953740 0.9085901239
0.1497262095 0.6078072727
0.5527650880 0.1040099678
0.1671754595 0.3936751036
0.4565362774 0.2614581342
0.9949148827 0.3741422217
0.8022417861 0.1801289630
0.7198672835 0.2427967692
0.6225569110 0.4466204193
0.7350704734 0.1578179748
0.1075776852 0.6191942691
0.8786765460 0.7946593793
0.6252064725 0.3807068667
0.0526978980 0.0916603845
0.3940593333 0.3311998886
0.3072538851 0.2759122201
0.2075841999 0.8640731540
0.2955720381 0.8579630795
0.9897563614 0.4117260593
0.9056714121 0.4085010260
0.2776321150 0.5495543420
0.7745924337 0.9571779627
0.4824504792 0.4216827390
0.4655330854 0.1285127999
0.7261641488 0.7813204008
0.6612585634 0.1673203300
0.9306823932 0.6972056016
0.5059730650 0.0194667725
0.8531152866 0.1225645755
0.2667913784 0.4872017369
0.0393625306 0.6556338900
0.6650988569 0.0030386894
0.9665064620 0.9614008799
0.6752373189 0.7075497838
0.5760612894 0.7847490441
0.6575442293 0.8258659848
0.4500968235 0.5421452343
0.2067309740 0.1663243425
0.9906821867 0.0366232867
0.0589238963 0.5177598461
0.5385349750 0.8492409321
0.2190550820 0.4386484303
0.7998507606 0.8209462709
0.3423378988 0.5985587406
0.5037599025 0.4877005698
0.4498147586 0.8576060240
0.1022931976 0.8829585808
0.5768950426 0.2323976411
0.6653840913 0.2594517500
0.6342474314 0.9067625208
0.4428810554 0.2099878252
0.9517221026 0.0368852719
0.4555814987 0.0512546927
0.9993294736 0.8882564652
0.1330928207 0.7588160336
0.8655887629 0.6807031421
0.1691684777 0.9931014907
0.7841116015 0.8694451640
0.9536578167 0.7720830155
0.6195355347 0.7548480211
0.2981431765 0.1218753606
0.6990883001 0.4247474026
0.7672986437 0.0543239627
0.2212469355 0.6279423106
0.5722664206 0.5726730976
0.2787130511 0.6061075673
0.5640414049 0.8690823230
0.1119227673 0.1442332342
0.5826202895 0.2835134256
0.8705691520 0.0277086344
0.2047205624 0.9262835243
0.1287079046 0.8089124827
0.1532960541 0.5198035688
0.8023602098 0.3636036617
0.3082522334 0.2311495100
0.0453194508 0.9989499617
0.7442968305 0.5532458044
0.6794096423 0.6422377525
0.3340024182 0.0527198444
0.9243854300 0.4634982927
0.3706967955 0.5129443937
0.0674623812 0.3502476567
0.2960242867 0.6911894865
0.6028130543 0.9545344213
0.2667296488 0.7559834538
0.1890056153 0.2182730502
0.4939496136 0.6364467305
0.4957457087 0.5697695883
0.6489825772 0.5748803454
0.2437338232 0.0905610489
0.7639539710 0.7216289594
0.0335599968 0.7424320624
0.4884995880 0.3030655011
0.9471038654 0.1366926966
0.3372208824 0.0391466772
0.4803958916 0.9333035887
0.3605776973 0.9732050454
0.6957087143 0.0790027816
0.2882297982 0.4111582261
0.4495299923 0.3026309052
0.1505870331 0.6888499370
0.4026672653 0.5765763921
0.0652332082 0.6855113452
0.1359444358 0.3397333498
0.1071400896 0.0643136783
0.2738771716 0.9748234293
0.3666916852 0.2388055905
0.5303293353 0.3898259451
0.2728981404 0.3177095433
0.8430710424 0.1812216501
0.7416370689 0.1337302042
0.3982918684 0.9773609616
0.7530551985 0.3342404264
0.0783813349 0.7734454242
0.3753349826 0.1602238605
0.1753741570 0.1198683758
0.6291210465 0.1067698489
0.7006136214 0.9922637881
0.5505501367 0.3214505171
0.4042351206 0.6694259048
0.7153680792 0.3752247032
0.6493274638 0.3156364141
0.5457754724 0.6928032238
0.4552974488 0.7560798428
0.9090340695 0.9387289522
0.6862739069 0.4878334192
0.7480570904 0.6556700792
0.1025498101 0.1289930680
0.0312153282 0.2518087730
0.8745725684 0.7349805272
0.7104110893 0.5665174980
0.1155224681 0.2300558322
0.6953354690 0.3447390022
0.0498179873 0.1883183462
0.8108451106 0.9902147902
0.5813675208 0.1844190685
0.3165989150 0.4459735810
0.2120267353 0.6930892157
0.2718004800 0.8496660273
0.9430804948 0.5478162013
0.9730088499 0.6367004377
0.9532544141 0.5176867192
0.0272600481 0.8290926915
0.1845990191 0.0420543875
0.8755923905 0.6013040902
0.2733273599 0.9504014877
0.9278230399 0.1789768450
0.5357154486 0.9510974656
0.3589194897 0.8881189226
0.0491823392 0.5785271879
0.2331156407 0.3315741502
0.9345549179 0.2978462874
0.3462824908 0.7472004213
0.4147279658 0.0751976010
0.0000915772 0.3149696721
0.1932544198 0.2781918943
0.8445295936 0.9475029958
0.8963192768 0.3527758717
0.8105373512 0.7532084661
0.4591064060 0.7897506708
0.5959178140 0.5414269696
0.3585302075 0.8039981386
0.5635718462 0.4488497372
0.0882828733 0.9445048836
0.8147367985 0.6435920062
0.4156580475 0.4601904852
0.9637084156 0.2352475791
0.8510248985 0.5069186690
0.5300086477 0.6316394301
0.4017863592 0.4096535138
0.1608903515 0.4385150685
0.0471668975 0.4664292289
0.8443759287 0.5894973432
0.4216436922 0.9098962692
0.6921663976 0.8322050008
0.8351333301 0.4248065221
0.5455661928 0.7613798565
0.3501873387 0.3697967465
0.0184441408 0.5493945898
0.3782145137 0.6672257144
0.5359922240 0.0454659479
0.0979817758 0.2842080353
0.9323661398 0.8388373421
0.8161200699 0.4603156033
0.7826850399 0.5543661439
0.2254611351 0.5417189898
0.7997259141 0.2412329366
0.9832387940 0.9110481009
0.2102299398 0.7740433656
0.4143560423 0.7384291003
0.1206385881 0.4106693221
0.8739486910 0.8640231171
0.9136823244 0.0967114753
0.1505772341 0.9117818918
0.4958359746 0.1665511174
0.6034260619 0.6553468768
0.2823178648 0.1555108121
0.6091841266 0.0254779757
0.8703605885 0.2945131381
