0.5081935770 0.1531843822
0.7066734974 0.9966331358
0.1251977530 0.0993627570
0.7958268721 0.7082856602
0.4201780181 0.2127157444
0.4188674570 0.1232828990
0.0344907578 0.9574782477
0.7156197232 0.7705872015
0.5872278159 0.8889314932
0.8062184912 0.2235103211
0.6230596001 0.7129952926
0.3103955503 0.6531116519
0.9620571495 0.7195267540
0.0617918457 0.5490196146
0.6539010721 0.2076784595
0.8850078348 0.4358635236
0.0083931530 0.4808435386
0.3277415360 0.2190590153
0.8694255104 0.4849406124
0.6746042567 0.3063957838
0.2068761328 0.9474303780
0.6903907424 0.0679733228
0.8753886665 0.9855211820
0.0036405089 0.3156357187
0.8194701418 0.3944140249
0.2454771438 0.6402583752
0.1606205707 0.2662728175
0.8169030590 0.9955967905
0.0956451239 0.6080372098
0.5103774217 0.5154227169
0.0587416370 0.2843145178
0.2039142282 0.2081608402
0.8376299244 0.0603441376
0.5792136155 0.9673595260
0.8173115074 0.7664299709
0.2375446527 0.7751199840
0.0168835523 0.6577423831
0.1645798636 0.4426880517
0.5909247549 0.1598998840
0.7162103587 0.7059580343
0.5707175925 0.4685077645
0.3169627472 0.8300562523
0.4415754067 0.3207483367
0.5514413967 0.4852679463
0.6793670946 0.7932879798
0.6062416291 0.2836593607
0.6730832076 0.8447808305
0.0083121442 0.3943375690
0.7078970776 0.5888333119
0.1546556529 0.8118138361
0.7053952878 0.9167669345
0.9201794210 0.8008121133
0.9577581742 0.9570129032
0.0397064115 0.0027741618
0.8254814882 0.5475570961
0.5620493946 0.0781306484
0.3999131401 0.6909877790
0.9525302421 0.2659144115
0.2434812568 0.5121201434
0.6402725353 0.5130971720
0.2147069618 0.7706777042
0.2739184016 0.1890115425
0.8913102694 0.6435833311
0.7622667033 0.8247115123
0.3658388847 0.9050645217
0.1732144904 0.4990512835
0.0336247552 0.7792395076
0.3717871728 0.0632353946
0.4063634613 0.8749081584
0.3867153501 0.8481712462
0.8486282835 0.1423193427
0.0939614851 0.0553324008
0.6218530395 0.4334416681
0.7852644223 0.3026937571
0.0079036923 0.1433689580
0.2745946284 0.3840623875
0.3329743950 0.1579043258
0.0434185785 0.2279085751
0.8021876384 0.1521158068
0.2405035141 0.4491065891
0.8036975289 0.6122814540
0.8964227985 0.3523406173
0.4996441721 0.2313368561
0.0028211140 0.5435711562
0.7801215480 0.5116110931
0.7652820259 0.3548924375
0.9907509961 0.6296242035
0.6803255137 0.5692427273
0.2522744707 0.1067927423
0.0818062518 0.7307735822
0.7895191546 0.6252035487
0.9629741613 0.4798560473
0.1868133363 0.0403008903
0.1205373072 0.9529565802
0.3450521517 0.6058361093
0.3440130437 0.0101628977
0.3147403483 0.2771833691
0.5207288201 0.6622334470
0.2170521918 0.8956884966
0.1821715097 0.3683363963
0.2927609105 0.9095403003
0.0199758711 0.7391674098
0.7382049990 0.1736600913
0.3243031588 0.4345127207
0.3836858586 0.9583806828
0.2437528266 0.5813258330
0.7994854152 0.4189787678
0.0954647413 0.1422871542
0.9143541856 0.6983201125
0.1347118616 0.6524198994
0.9504803081 0.8874044240
0.5129979171 0.8513334684
0.1223160078 0.3692123813
0.1143536369 0.2216321374
0.7051742609 0.2825899040
0.7520357892 0.9528761484
0.1580641795 0.5610791355
0.9223106966 0.0464364551
0.4037244103 0.3857897990
0.6230599456 0.7492316095
0.4514949245 0.9577686553
0.5781283800 0.2391613809
0.3711513648 0.3449939007
0.4603917060 0.6336497243
0.8049877532 0.2550718291
0.6769279866 0.4070068098
0.6410113720 0.3664523953
0.8061592427 0.8878212019
0.9338764928 0.4096746646
0.5553002496 0.5813288811
0.4625683337 0.4242499989
0.8977911617 0.0890627115
0.1757452156 0.6034673128
0.1607127660 0.7212172214
0.4007042420 0.5677772426
0.3497506771 0.4744828677
0.8356706118 0.8239383465
0.7088790671 0.4902464435
0.1011329582 0.8868902997
0.4532323004 0.0726353311
0.5291476430 0.7983059647
0.9167011971 0.1497993163
0.0918031805 0.4133093491
0.2741043760 0.6901445051
0.5981279123 0.0148194420
0.3143546440 0.0954785458
0.4711235091 0.5602889097
0.8525790739 0.9313115870
0.9297159276 0.5842045211
0.3383169190 0.7188950984
0.0136401141 0.8952082597
0.5274676445 0.9327177147
0.7682783159 0.0188875376
0.6317021173 0.1051659191
0.5231131892 0.1510804751
0.4925793648 0.0369384998
0.7398937183 0.4533454169
0.2845908325 0.0018373837
0.9431085810 0.1879555144
0.0449220113 0.2000711198
0.4098811260 0.4654022632
0.4891321918 0.7220508149
0.3860907738 0.7392118872
0.2017313210 0.9833828030
0.1977603901 0.1138117916
0.3892952823 0.2198685156
0.4340084348 0.5339752072
0.8849368594 0.2459010728
0.6146796831 0.8956880922
0.0069021334 0.8371110315
0.0185007386 0.0880404820
0.0901058345 0.4962377151
0.4745787991 0.0045548967
0.9771761558 0.0307842994
0.9097086536 0.3172505493
0.4559581762 0.2748216649
0.2948472873 0.3533413582
0.2726433276 0.0478113988
0.6159363945 0.5991719767
0.5388216866 0.3893156844
0.3229219374 0.5432989472
0.2519199315 0.2933248300
0.1173494683 0.8440797076
0.2990365604 0.7638835533
0.8931299147 0.5545707152
0.7266103565 0.1019376559
0.5621764457 0.6653746828
0.4283306256 0.7731310418
0.9057109340 0.8510067105
0.4744206876 0.8107294130
0.6611066027 0.0205136453
0.5552144769 0.3303758226
0.8544905405 0.7131352121
0.4990594202 0.3373473664
0.0666586497 0.3637441131
0.0724695880 0.8069062666
0.6947624933 0.6441855621
0.6953225571 0.1930712544
0.1724585044 0.2808108020
0.5747986253 0.7741449822
