0.6389768524 0.8581501256
0.8110543686 0.4974788064
0.6695704051 0.5922222383
0.2329470135 0.9538036673
0.2403427119 0.9837570508
0.1407180942 0.8695189548
0.5272830274 0.1769274906
0.2390646820 0.6460648165
0.7958670646 0.8687980765
0.1779632192 0.5335491778
0.1394493106 0.9514273883
0.9912294729 0.1292604306
0.5096674829 0.8124338910
0.0326571839 0.3544067864
0.9345827680 0.2879392780
0.9033726073 0.7857512852
0.4394625513 0.6721937929
0.5074583636 0.7364399243
0.9880833463 0.5999897528
0.6399695989 0.1295212967
0.8789174643 0.1833645304
0.6005836328 0.9128290182
0.1563661558 0.8090387927
0.1749668252 0.0566744286
0.2506452049 0.7574788911
0.5761531253 0.3051549271
0.7441234269 0.1198355946
0.1660941150 0.6841580325
0.0404117172 0.0506622039
0.6086824713 0.0750556326
0.6553236113 0.0318071278
0.9050567253 0.7325958797
0.2845885641 0.2952228228
0.0371677206 0.7244026273
0.5595935490 0.8504735893
0.3420722335 0.9071553823
0.4561258014 0.1367993946
0.5269621223 0.2161026092
0.2322698401 0.2632715192
0.7707342921 0.4863503390
0.3378334693 0.8260461502
0.1423393196 0.5647793058
0.0477859640 0.9482529261
0.0620665921 0.5549426630
0.3725148540 0.6108334028
0.4573073467 0.5827239225
0.7037668763 0.0316945234
0.3876786212 0.3093759311
0.4803865878 0.2773306192
0.8856547488 0.9626114592
0.8443797298 0.3439066174
0.1620104831 0.0514065048
0.8649605108 0.5376712661
0.9136593227 0.6309191481
0.7064204515 0.3926271570
0.4035265903 0.7341871627
0.1573325674 0.3324402457
0.8091299046 0.7534053749
0.5777810082 0.4483336099
0.4343242449 0.6672709969
0.3311852877 0.0952588149
0.9935628133 0.6178083703
0.5462933523 0.7230267524
0.9780137414 0.0078497822
0.0780743663 0.9064234952
0.8702357550 0.6585733564
0.2146977136 0.3807157574
0.8352886400 0.1139365538
0.7179538923 0.2457491038
0.9653283196 0.3924014830
0.3726250489 0.1902831481
0.6052059095 0.5538050592
0.8166742686 0.9448590535
0.6409026047 0.4148226682
0.7914315329 0.0614910708
0.4850814187 0.5039524842
0.8089524863 0.7059644992
0.6981742234 0.7801943132
0.9525610694 0.0733743785
0.9886546781 0.8103180191
0.9564542083 0.5050461772
0.7607144369 0.3314685276
0.7756919301 0.1652041306
0.5312799841 0.5743992315
0.9972935296 0.5195137995
0.6645230170 0.7977812217
0.0335207214 0.8617733242
0.1955420434 0.8987014444
0.5427413414 0.4823426600
0.7099688427 0.8596712648
0.0719459684 0.7986851253
0.9551668284 0.4400129085
0.0099512575 0.3033151627
0.0909046200 0.1128238622
0.3562411081 0.2666993138
0.7171274990 0.5206684012
0.9753706964 0.2199537960
0.3817520997 0.7997664632
0.5439748745 0.5939239738
0.7446703617 0.5869951218
0.4871731891 0.1229815376
0.3554916143 0.0115478462
0.0880099956 0.6907139897
0.0914156734 0.3295552622
0.3005288873 0.1740435698
0.2611780921 0.0818329860
0.0488202441 0.0914917439
0.3034638432 0.3553025916
0.1399248384 0.4058012132
0.1479346508 0.4760605021
0.0438096066 0.2103122706
0.6994567775 0.4569329915
0.9270216100 0.8551990490
0.1216158510 0.7471689882
0.5491747580 0.0823783387
0.7546941379 0.6569154554
0.1738161287 0.1041910425
0.3369905339 0.4765281209
0.4593510420 0.3593779206
0.9692858129 0.9381322259
0.4166246821 0.0753120961
0.6019269059 0.2056599936
0.4141528231 0.8881470618
0.6734052624 0.2358872951
0.4559266169 0.8562184036
0.9508318863 0.9141242797
0.1342305559 0.2589159978
0.7055151314 0.9726979777
0.3850797357 0.4894507575
0.3274857608 0.9217640114
0.0971354068 0.0059268982
0.7217658857 0.8951777634
0.2974213089 0.5400206648
0.3457034152 0.3802259983
0.6259396089 0.9670707618
0.7786541855 0.2501916275
0.5236628009 0.3274690842
0.5058710740 0.9086334923
0.7803543753 0.0358373515
0.9198384561 0.3092115510
0.9188402880 0.1066838999
0.8976313452 0.0151377057
0.5264305826 0.0068834691
0.6946226400 0.1381308298
0.8542677470 0.1540776565
0.2618411458 0.4142993551
0.8975809737 0.4799748922
0.6340975028 0.2404996466
0.1233757606 0.4352249532
0.5938295472 0.6720424324
0.8196250117 0.8103357847
0.8649718149 0.8664356205
0.4022790540 0.4173623528
0.6415061276 0.3032982694
0.9687623491 0.2172344914
0.7867507305 0.2746774647
0.4421113669 0.4040512050
0.2950528356 0.2160214815
0.2282844622 0.4925041982
0.3479729070 0.6937709061
0.2958841437 0.0214011163
0.8808296937 0.4160712164
0.4541085274 0.7697004752
0.7530355212 0.7515259349
0.9910466779 0.7630904978
0.2388318374 0.8608964875
0.2328579488 0.1603101542
0.9952331659 0.3547014251
0.7676088516 0.9588880148
0.1988789418 0.6895052918
0.2702040563 0.4618406008
0.3983175538 0.1663972776
0.6163006925 0.3757535477
0.6874630426 0.6920348490
0.6369600611 0.6410887135
0.2887227511 0.8278972481
0.1657754836 0.2596210451
0.5884558992 0.7625455883
0.4720641750 0.2462760321
0.4341964642 0.9593517120
0.2592270517 0.6022790508
0.4713146038 0.0029576095
0.0580815134 0.6465852747
0.5162389465 0.4158215032
0.6379628418 0.4959373625
0.8448256935 0.4112922660
0.8323979529 0.6005778690
0.9411058128 0.6807553120
0.2219832152 0.7710136279
0.7470127031 0.3627754437
0.2940601043 0.7140953272
0.1245475597 0.6041786691
0.4236779889 0.5404338978
0.6758128369 0.6182121902
0.3857098384 0.0083201235
0.3406474647 0.5726482015
0.1139168759 0.2125384408
0.0546479132 0.4766185126
0.5787584561 0.9689359490
0.1751125144 0.1851554406
