0.8223995662 0.7010188052
0.6824407333 0.3734006056
0.8224078649 0.7848598855
0.2649338221 0.2754944117
0.1343065829 0.1287186190
0.4672503485 0.3412943147
0.8118154184 0.0669141943
0.0782191341 0.9183864364
0.8725474254 0.8051552680
0.6287728042 0.4729302536
0.1945580516 0.5978108495
0.4038163658 0.0158181841
0.5720901352 0.0561024136
0.2061678252 0.1191935182
0.6038148321 0.9740714161
0.3803198472 0.2340503477
0.1188346718 0.4435800332
0.4504158262 0.4210197917
0.4864310939 0.1372714557
0.7677004374 0.7260069191
0.6532242714 0.6929944236
0.0187579550 0.2201828573
0.0586277346 0.8745700856
0.5330258829 0.7034397079
0.9017324190 0.8995575806
0.2846402212 0.2843044257
0.9732264925 0.6439709130
0.1771489869 0.5408052940
0.6438573075 0.0667877104
0.4938313668 0.6950225756
0.5541569868 0.1328699159
0.2289550937 0.0336380421
0.3578779398 0.9872876160
0.2890584534 0.1519189007
0.7389399966 0.9361616350
0.7314176257 0.6800525445
0.0534257386 0.7855230087
0.3367138153 0.4928852955
0.6941881836 0.5427442713
0.7658477562 0.1430186592
0.1995915034 0.2722950271
0.4910761646 0.5604218967
0.0676787184 0.7380640566
0.4799544165 0.0579881142
0.4233418260 0.6379427810
0.1801819270 0.7268056279
0.0204044195 0.4132274523
0.2524248180 0.8560039947
0.8807941681 0.4357002313
0.5454160151 0.4298871533
0.0253933655 0.0257671229
0.9925096192 0.2787861412
0.9383873472 0.7423229127
0.6096171151 0.1953549952
0.7059538076 0.4124555718
0.1318455735 0.7425738058
0.4332261769 0.1171239076
0.3474426197 0.6874802544
0.1872788453 0.0553417657
0.2056309188 0.4641805702
0.1607186710 0.9533339485
0.8125344918 0.5888076431
0.9448138565 0.7201904875
0.8324128789 0.5295333295
0.8364000842 0.1724620576
0.1195000428 0.2656322813
0.9721650772 0.9355454593
0.8430020766 0.2321019924
0.4965956953 0.4435214562
0.7106005703 0.7667736025
0.0467314611 0.5926553394
0.4867460387 0.6397786028
0.7630213020 0.2247275021
0.1088241166 0.8075954409
0.4463072605 0.7425820038
0.7426900363 0.0894826364
0.2808801028 0.3571161371
0.8876288093 0.0791320943
0.6403392744 0.8573148804
0.9077407825 0.5679990205
0.3670080735 0.7835533824
0.2992430866 0.9430465508
0.3545407673 0.5966830104
0.2827730572 0.0639308862
0.1882608339 0.2079514379
0.0496299962 0.1132248780
0.5135880496 0.2616265039
0.0818894776 0.3752274899
0.8452248088 0.4768919286
0.7485609000 0.5106716570
0.0938754396 0.6734114223
0.9023117444 0.2898885520
0.0214399722 0.6953472737
0.2930092316 0.7407263008
0.9071697084 0.9469647641
0.4260544069 0.3058473275
0.2124546732 0.9296788199
0.6986189873 0.6340915338
0.4451053971 0.2357903277
0.7095471427 0.2158628027
0.6878486583 0.8761894073
0.1307859943 0.5218737939
0.5074951157 0.9344315117
0.2606224053 0.6468956722
0.3889626860 0.5510775658
0.6874194208 0.1470341004
0.6364898001 0.5945435030
0.5856171899 0.3307274795
0.9872498452 0.9033360627
0.7997211672 0.2739936962
0.8907420557 0.8038425381
0.2600886558 0.1843725963
0.8383012783 0.9184327254
0.6296266962 0.7445925865
0.9084777068 0.5208008090
0.5710034790 0.7587461891
0.9806658453 0.4934961763
0.5466798823 0.5971703516
0.3617951973 0.0731398767
0.7443425245 0.9689204067
0.9101675683 0.1486342379
0.2282335414 0.3593379234
0.0962288957 0.5412641306
0.9502143526 0.5997401800
0.9183637560 0.2450565248
0.2890317982 0.7576787157
0.9124635052 0.3860081933
0.4948136345 0.5040395747
0.8840930400 0.6844434015
0.9962292595 0.1905757801
0.7422847559 0.0062571713
0.6718027385 0.2564526843
0.3701615277 0.8070309771
0.9845484307 0.9940073388
0.5960982623 0.6520918170
0.1288153864 0.6391876071
0.8746071226 0.0133083219
0.1051181395 0.1979601035
0.5072097577 0.8052568015
0.0381136444 0.4387004628
0.3265106381 0.3829355747
0.3468160924 0.4195062880
0.5850000572 0.9276894705
0.6501116219 0.5120898053
0.9505911207 0.3847231725
0.1751705230 0.3952393980
0.8298194016 0.6415195076
0.4333720283 0.8941371359
0.3612398975 0.3100507492
0.9704372958 0.8268518766
0.5605143001 0.8661241915
0.6670277716 0.7984095864
0.8137514675 0.8966241243
0.7579672503 0.4275463039
0.9493682685 0.0342429472
0.9867827444 0.1295614224
0.7994709856 0.0153682850
0.7329148888 0.3211268209
0.3208812311 0.0364497911
0.2648720604 0.5129199739
0.4447578278 0.9467125173
0.0935859098 0.0404730174
0.6059401440 0.4176530440
0.5424286692 0.1886593805
0.1398378928 0.8383116681
0.1227925057 0.0988122999
0.7536592006 0.8262896104
0.2813931215 0.9547766216
0.8074618116 0.3478037969
0.6603483351 0.1406089745
0.2239691950 0.7790126518
0.0164193143 0.3301162178
0.0865497350 0.2667684667
0.7852364692 0.4352882376
0.4281083827 0.5071693476
0.5421069265 0.3217469579
0.6415441960 0.3344977880
0.4252444754 0.7371896156
0.5722297144 0.5329656177
0.3227957436 0.5934918182
0.5944295319 0.2542272452
0.1911521393 0.6347883727
0.3912950551 0.8418049260
0.5083427525 0.8474264876
0.6226598902 0.9357600477
0.9449309480 0.1379290067
0.1299046491 0.3476287682
0.7628821014 0.5922642640
0.4388696164 0.1757937604
0.1629004263 0.9750927427
0.3582511863 0.1865321888
0.5010086867 0.0349452076
0.6345117705 0.0187002832
0.4112014874 0.3977517595
0.2731117792 0.5808663109
0.2192889010 0.8952724509
0.0199846194 0.5319431568
0.2626198865 0.4442037806
0.8592839715 0.3492235541
0.3451729772 0.8901062847
