0.7285945293 0.9893799467
0.4420980439 0.4547952747
0.2188386311 0.5011995584
0.3902649094 0.1041502224
0.0079681288 0.8394554499
0.2406174668 0.2326121482
0.8230223318 0.2838445497
0.6211932892 0.3611813025
0.1200874693 0.6319654688
0.2316395739 0.3457769580
0.0220540414 0.6565725583
0.1765951246 0.2564805094
0.7022937245 0.8310768501
0.3746568075 0.8637845506
0.3813262335 0.1480221338
0.5280516359 0.1567569724
0.5460811693 0.5953515257
0.5699257626 0.6742087323
0.1640220717 0.9234329732
0.4627766654 0.9169978039
0.0577342604 0.1085628055
0.9585058896 0.9977530275
0.2933090166 0.3619509533
0.9526216463 0.5813437929
0.0524329151 0.2757201820
0.6115487243 0.2204405535
0.4141415006 0.4153907393
0.1246459003 0.1848869727
0.7970556581 0.3592214395
0.1522103587 0.5750835585
0.7037620082 0.7383213828
0.5476573093 0.8203356510
0.5462266128 0.5245163075
0.3128832195 0.0093033713
0.9596731047 0.1102065597
0.5498147123 0.0703058874
0.9783967619 0.0408326982
0.6803467837 0.3783896280
0.0395666752 0.2781329171
0.1798849668 0.1150493902
0.6043898049 0.1883048515
0.8671677425 0.5928900840
0.2046797668 0.6570597809
0.2803888037 0.9045387289
0.8151062658 0.5625883276
0.9425841933 0.2631721582
0.8069462889 0.7452444817
0.8787084126 0.6986482733
0.9703558630 0.3624302663
0.5151825791 0.2429851205
0.6065161862 0.8133141284
0.7857284772 0.5021924747
0.7192800165 0.5625708527
0.1437437894 0.9859067810
0.4424586713 0.3379866463
0.9840473731 0.1912199207
0.4807248165 0.5566692130
0.2403349508 0.1825228175
0.1700335626 0.7398400186
0.9130082242 0.3617488789
0.2970799747 0.7138778609
0.5417562013 0.9860352852
0.9027558501 0.2933714033
0.6178766084 0.0885049845
0.3621117373 0.7089972931
0.0525997987 0.4273799489
0.7042106136 0.8911818732
0.6217486806 0.6104949310
0.6311169087 0.4246761751
0.4705313687 0.3640719957
0.8924116399 0.9744341290
0.2725744854 0.6615113289
0.9323832544 0.8106049730
0.9029540228 0.4396114165
0.5342854451 0.8717168484
0.6188194683 0.8938487388
0.0372056609 0.5258699159
0.7446028042 0.7902894670
0.7859254692 0.1096925121
0.9797486489 0.5565056706
0.9416881873 0.7088842355
0.2007046709 0.7671645747
0.8807261896 0.1095061665
0.1539271009 0.3713275739
0.8897895877 0.1865631403
0.5774245859 0.9864653409
0.6845060780 0.1293805866
0.0697245601 0.4768508475
0.7107525244 0.2205441630
0.7697794153 0.2368293254
0.8196937818 0.3513492417
0.8613685711 0.4246846757
0.6363899114 0.5364876200
0.6511729833 0.7818922671
0.9873522352 0.6550919305
0.6795496530 0.0610947875
0.2956864011 0.4101732415
0.1191130852 0.2083505580
0.7972449573 0.9292451034
0.2494451604 0.5885510410
0.9014219193 0.8335556208
0.0466459304 0.9006892817
0.4671478668 0.7569023207
0.0807025296 0.6957175547
0.2956050251 0.7945709733
0.8876876866 0.9311864976
0.1042425841 0.7429224785
0.0318073009 0.0638567709
0.1013375100 0.0052066837
0.3335255726 0.2061561023
0.8167961757 0.0104396324
0.4005972947 0.2541334180
0.7323568134 0.5520417272
0.3964373438 0.5858040146
0.8855733987 0.0909492152
0.4746500307 0.0375766725
0.2082093813 0.0455661666
0.7930398485 0.1840148711
0.0542285583 0.9245415519
0.8222431064 0.8217064606
0.6942695264 0.9651840789
0.0796730880 0.3659909858
0.4334907795 0.1691007409
0.7524057704 0.8938520849
0.5157902793 0.6691426191
0.8534758768 0.8892636988
0.8123052220 0.6726720493
0.2639977717 0.5083502083
0.3402246898 0.4863822288
0.9954685606 0.4114354372
0.3107818986 0.4465570163
0.3611146457 0.9323519460
0.5387395323 0.4313055766
0.1591225278 0.0905717986
0.0812222642 0.8198261676
0.7828773766 0.6222956261
0.5664694318 0.7293762627
0.0802586086 0.1380814972
0.5830529907 0.1309049663
0.4616256614 0.8593358176
0.7360251264 0.3050973596
0.3107448488 0.0754151212
0.1601410249 0.4337600069
0.7565733024 0.0508481750
0.6730414222 0.2319707181
0.2055542036 0.6617790578
0.6974035257 0.6498184457
0.3504251137 0.7986050686
0.5682160733 0.9274475164
0.4126332778 0.3267920022
0.2646475597 0.9430300455
0.6253658008 0.0315303688
0.4824416437 0.7886991583
0.6716308979 0.4768957682
0.5321468979 0.3363770093
0.9528058522 0.9003495191
0.4077959672 0.9848987720
0.6829947551 0.3080529119
0.3518442448 0.3279532741
0.3505393324 0.6438787462
0.3761442747 0.4948580653
0.3694392241 0.0353740450
0.2141317319 0.3325364274
0.1625405369 0.4559247381
0.9777376682 0.7534249181
0.8585512982 0.0380710213
0.7590994316 0.4593257701
0.9734433414 0.4849159658
0.2133731501 0.9808613322
0.8041912880 0.4317104049
0.8931890803 0.5011847969
0.4313582890 0.6705634994
0.2767524509 0.1172356991
0.5339965701 0.4079388007
0.6062678172 0.2880577751
0.3004708890 0.2452225013
0.4044367774 0.7541041533
0.4766390602 0.2557837362
0.1094729359 0.3253948064
0.0489360182 0.9949324307
0.4543806082 0.9686439713
0.8600176647 0.7528594961
0.0329851699 0.7717993311
0.0766844352 0.5882761117
0.8533166948 0.1988144828
0.2890359471 0.8544676890
0.1847656460 0.8723821926
0.5841819587 0.4941274926
0.4880258587 0.1060091770
0.8965379853 0.6052312974
0.3334371356 0.5866366936
0.1386255974 0.5318174723
0.2821114772 0.1052574040
0.1392776488 0.8418721106
0.2277204310 0.8235582827
0.4601330325 0.6264162536
0.6335343202 0.7112089531
0.0035793867 0.1935007983
0.4660614681 0.4995017197
0.7161279689 0.6708812310
