0.2507197199 0.5283805088
0.1738675292 0.0765797678
0.9811133312 0.3949916840
0.6886348793 0.3533174668
0.7639530439 0.4303619977
0.2848484414 0.1498842598
0.8044371133 0.1740325530
0.0259166105 0.1692417715
0.4964813534 0.7774058735
0.4304078228 0.6214053699
0.9775720116 0.8292456209
0.6158113842 0.1125633775
0.7018438376 0.0195544284
0.8265933917 0.6508107532
0.1192280755 0.1689409001
0.9687758439 0.1215752392
0.9521026658 0.6784852268
0.9266744564 0.6040639775
0.5953545132 0.5278415411
0.6522419211 0.8364914477
0.1791129565 0.7101307930
0.6460261316 0.2575252035
0.4247346308 0.0378571817
0.9457153455 0.2099138174
0.5899651505 0.3095450163
0.0691901821 0.5586244447
0.3355380791 0.3588537261
0.4023752958 0.7121417650
0.2658673168 0.1022864470
0.9547851071 0.5109456702
0.3100033860 0.7622509794
0.6312010699 0.6041256704
0.8584579194 0.4677303535
0.7974383238 0.5049155997
0.7538077654 0.8624595244
0.3772733102 0.6923249985
0.4793122196 0.3982609433
0.4108149890 0.9285821010
0.7630454496 0.7681129837
0.7771431363 0.0013239022
0.5236798967 0.7924090658
0.3671522325 0.7963022706
0.3820213913 0.4499094401
0.5266302270 0.5976437561
0.6894322125 0.2987291476
0.9913866673 0.2909490597
0.1849261695 0.3357890999
0.2979626498 0.4598593921
0.7428320928 0.8066522084
0.5651036699 0.6626214814
0.7224454796 0.4682493849
0.0475793499 0.4712496372
0.8347355403 0.9854545544
0.2584372628 0.9610643116
0.0478979329 0.3107799103
0.3754022667 0.0475450901
0.8401950498 0.4250850961
0.2753450795 0.3515459975
0.8138273493 0.3260496244
0.2999004443 0.0467226514
0.4487368209 0.4872428835
0.3541484187 0.8767348564
0.1432599779 0.7813556414
0.1760707314 0.8532657949
0.8013194365 0.6051284268
0.9702911031 0.8796850017
0.9853317417 0.7225661406
0.9591143489 0.0230885422
0.2420826474 0.3604557447
0.1662827688 0.5205146204
0.8553419796 0.2571513970
0.4450482779 0.8632587298
0.0931283369 0.5505234671
0.7120309388 0.5840659206
0.4697855314 0.2242019093
0.3976535297 0.2556943968
0.0489844073 0.2557867805
0.5053318241 0.7117096778
0.1483754036 0.1489392233
0.6892950854 0.5076749568
0.8744770426 0.9018625055
0.0989409450 0.0365155863
0.5641622030 0.2541171174
0.9035158429 0.2616996253
0.5113196719 0.0771982773
0.2290476806 0.8689447510
0.0471538491 0.4603098583
0.3583742647 0.4871898029
0.5531864840 0.4276839992
0.4421533100 0.2955815281
0.8549054487 0.8048196738
0.7272946750 0.1736910805
0.0569781649 0.2172626459
0.3593295804 0.1845963871
0.2012075750 0.0996563623
0.2267455284 0.2205621445
0.1697255761 0.2466675107
0.0710255470 0.6504839185
0.4973048355 0.6079416059
0.7631390849 0.8898743472
0.6502080014 0.0446666070
0.0779336227 0.7214049968
0.9237121197 0.4412765220
0.2747046535 0.0230602030
0.9620385620 0.1464349406
0.2288979082 0.2393444772
0.2826071149 0.7300185020
0.8646091064 0.3791951737
0.7802288666 0.1053492105
0.2449569307 0.9280008891
0.3601652272 0.3227944247
0.9089582208 0.3172586279
0.2163466084 0.7859633596
0.4183807328 0.5532683681
0.5986461626 0.9492966773
0.1048958377 0.9052670891
0.0835215710 0.3796418500
0.1068498977 0.9271342215
0.2886540299 0.2235945642
0.0008565243 0.0257776313
0.6796574013 0.9137631760
0.9703042468 0.5292103746
0.3539521329 0.2251736914
0.4926686821 0.3467208131
0.6813059011 0.1813588532
0.6149046567 0.9469325745
0.4502690592 0.9606100142
0.9130069178 0.1058766726
0.0900418360 0.7494075934
0.5463855034 0.8781579262
0.8636665935 0.1625244946
0.5903211196 0.3415165991
0.7102242392 0.7277213873
0.6692384646 0.6685502679
0.4850078092 0.3158378917
0.1734716871 0.9485111251
0.8219891299 0.0818293238
0.5878962980 0.7913169636
0.6378898892 0.5077541532
0.2996992978 0.6381405550
0.5261525646 0.5237941212
0.5735128585 0.6848246412
0.3804755132 0.6118822882
0.6333215080 0.7359344888
0.1418098508 0.0330999191
0.7571892907 0.0001796108
0.4770512411 0.1285730674
0.3397902508 0.5702071907
0.5229627155 0.9138397176
0.1270610392 0.3019074792
0.0107039729 0.6508614795
0.2740070422 0.8194311244
0.7056693753 0.0956634087
0.7945857918 0.2360316930
0.6330937207 0.1808277131
0.5002469572 0.4945951873
0.5702009354 0.0461536265
0.9470853929 0.3557720957
0.8778113228 0.7823679674
0.5446792002 0.0104592416
0.1212493324 0.3844745082
0.0606127337 0.9711991663
0.9569480501 0.7842455113
0.0734529804 0.8385082409
0.2639015302 0.5656099070
0.8922410944 0.7186998646
0.1376458351 0.6336793373
0.0125193291 0.9375728895
0.0057602188 0.5765003165
0.2440631864 0.4370100921
0.0638360636 0.0835510690
0.2781839969 0.6458543123
0.4211410218 0.7615801915
0.2142888102 0.6688131179
0.3177637224 0.9208431618
0.6290742388 0.4335101731
0.4251658954 0.1328186125
0.3916731569 0.9287817141
0.8776595340 0.6756370677
0.8732305590 0.5676308416
0.6456646128 0.4088290503
0.7636333140 0.2695681709
0.1799709109 0.5947858994
0.6119353947 0.7782163634
0.8629376375 0.0298493657
0.3644520064 0.1050625705
0.7673345991 0.5575814091
0.9189739220 0.8714353015
0.3935811206 0.3757682985
0.7408844066 0.6473560720
0.7637668513 0.3600181864
0.7727704648 0.7174600657
0.5664926907 0.1808436832
0.5119405799 0.1620308236
0.1820798059 0.4204832509
0.1646611747 0.4915209082
0.4950789241 0.9873385034
0.0482145328 0.8262524141
0.7644377995 0.9410474876
0.9259370255 0.9685420766
