0.0019304406 0.7788446325
0.0995188941 0.3891916462
0.9434659329 0.5580523156
0.6696175318 0.6395309349
0.7061630541 0.7705301626
0.4942439579 0.5506430236
0.3385467393 0.5759444620
0.7676289465 0.4164776855
0.8120507649 0.5636807143
0.3624325111 0.6706160195
0.1985632947 0.3313098946
0.9675630127 0.6509530105
0.4286750434 0.2518497520
0.3416415849 0.7402238770
0.8255084664 0.9030616725
0.5624096842 0.0316404808
0.3774462274 0.3872994123
0.3973966308 0.7847515765
0.2881234414 0.3408643943
0.9021946937 0.6177943704
0.2117295876 0.6478590619
0.8043031383 0.6485705406
0.3917595358 0.1434320264
0.9121832794 0.0844929191
0.8786697579 0.5330016188
0.8381140916 0.0726905434
0.5725527051 0.1533106256
0.4588248595 0.9887353290
0.6297455793 0.1305897943
0.5508870500 0.2946445571
0.1295952593 0.4990605249
0.3367385264 0.1528572611
0.5031560785 0.0003300100
0.7188748128 0.9626363492
0.7978750905 0.9979102283
0.2555880242 0.9181705378
0.6018539619 0.8993553482
0.3769261820 0.9801437450
0.9458851661 0.1325998279
0.0913020993 0.5837701428
0.2466870036 0.7897485342
0.9465845691 0.7413983070
0.2562398233 0.8574449839
0.2236131319 0.9770673326
0.4781027506 0.4516324169
0.1700544849 0.7715171292
0.4766376608 0.7393149403
0.5340133336 0.9265102692
0.7844474507 0.1122204397
0.5811327332 0.1932250369
0.8210031877 0.3344135811
0.3298793828 0.4846386546
0.7324507814 0.8620066771
0.8345102994 0.0075664329
0.8967156570 0.2069458420
0.7543053032 0.5155276813
0.3352702294 0.5790162344
0.5011402267 0.8248420514
0.4035587776 0.6745086216
0.0184561855 0.2048201507
0.4719226224 0.1295153163
0.0987511885 0.2704987227
0.5334981921 0.6816122323
0.9285594546 0.4552034212
0.6086234836 0.5975125537
0.2861591504 0.2793193948
0.2600466922 0.1181508379
0.3159153462 0.0884230283
0.4401093612 0.5602139956
0.1408959548 0.1912769187
0.6153211946 0.4210833726
0.8035114428 0.8032041977
0.6410429198 0.6935061016
0.8856643981 0.8666895788
0.3992277346 0.2979239585
0.0364763078 0.0875863911
0.0213980938 0.6715079051
0.5362914547 0.7850624237
0.7848164202 0.1577375580
0.5037324962 0.6324212041
0.8249482041 0.3558285938
0.7397485074 0.2265911992
0.8658679048 0.8013899002
0.3457019844 0.4907480361
0.7088776446 0.3841019553
0.6747361355 0.5553755226
0.6832112974 0.0804602372
0.4346767461 0.8742280389
0.7218333016 0.3371656146
0.4137104677 0.0646379318
0.4438291488 0.3919423096
0.9833812360 0.1530497499
0.5343846022 0.4859874663
0.1029136767 0.0753726829
0.7063336225 0.4537895545
0.1951798543 0.5719520914
0.7711504181 0.2735696676
0.0981015703 0.9908441619
0.4826365520 0.0963170506
0.8600240159 0.5122393434
0.2521901216 0.4954587325
0.4597050110 0.9999256813
0.6496401738 0.4154776657
0.9105529771 0.6983123910
0.6782421269 0.1763335411
0.1042581562 0.1164900849
0.3267418113 0.8364221845
0.0831735216 0.7086527593
0.8972341208 0.9451494218
0.7532539436 0.6539045002
0.1339951010 0.4093025644
0.1385025373 0.3212796052
0.8652445937 0.6676330671
0.6299043817 0.2556855028
0.6419586946 0.8213310381
0.1834828107 0.4179196273
0.8306202730 0.2171931087
0.4485742726 0.6031522095
0.4708985815 0.3246682474
0.8220330085 0.4382103561
0.0745888469 0.9127499177
0.2582776899 0.1845218844
0.9456753671 0.8981717909
0.1855807948 0.5038390209
0.7655100364 0.8320164598
0.0171189777 0.3023225197
0.5200604022 0.2271427758
0.0552317288 0.3900620500
0.8881473314 0.4108167862
0.5028998070 0.9190402396
0.5524155969 0.1037304699
0.1684544085 0.0254418919
0.5981773783 0.3590947045
0.1174045079 0.1703320286
0.6976598330 0.5245279568
0.4211302255 0.4811573386
0.0552835597 0.4755872955
0.7173398675 0.1492521548
0.3268217350 0.4145061172
0.3463867564 0.2214430661
0.7079234692 0.2636433467
0.8085706365 0.9547113674
0.8844136025 0.2797682829
0.8492726376 0.0845893547
0.3643168025 0.3321401240
0.1698562811 0.9251081629
0.7599445034 0.5819085782
0.4724786711 0.6974850450
0.8048881756 0.7225961519
0.9830740046 0.9454787050
0.0093447423 0.5807004975
0.2902842210 0.9862793044
0.0595539064 0.5739924419
0.7431821432 0.7290596245
0.2619664353 0.7293629494
0.0402549747 0.7830860060
0.9115482123 0.3082409418
0.6382720645 0.9472310893
0.9924493670 0.0127714009
0.2562601897 0.0522207535
0.9532840712 0.0421800911
0.4053036058 0.8872645803
0.1453688303 0.6148623179
0.5269183082 0.4035655308
0.7117729743 0.0245899164
0.3607219322 0.2354749740
0.5647851987 0.5685606961
0.9829156501 0.4352229389
0.9113712764 0.7991446933
0.2629227253 0.5742185149
0.0054556155 0.3420284287
0.4885952797 0.2263521508
0.1908417196 0.1268785428
0.0258611717 0.9355377382
0.0823961356 0.7002959990
0.1338672550 0.8708501090
0.0821158974 0.0044844662
0.0056485309 0.5108006498
0.3137752199 0.0099895013
0.6346803974 0.9920815902
0.0510178743 0.2281305480
0.5737182486 0.7182217866
0.4558285736 0.8071314851
0.0083624862 0.8471897211
0.6077098430 0.8467830862
0.9463236324 0.3762356294
0.5898079275 0.3226714194
0.2971494223 0.6665202963
0.9498111285 0.2292371348
0.2219098964 0.6895455707
0.2083894422 0.2149390484
0.1932125985 0.2625098191
0.1122692742 0.8211339636
0.2510435354 0.3982458770
0.1924736551 0.8418610528
0.6941559286 0.9052029052
0.1575913503 0.7061092326
0.6115537107 0.5048191271
0.6625410157 0.7392737385
0.3337023430 0.9046731476
