0.3799619283 0.1157877958
0.3422256633 0.3581820912
0.7839811443 0.1608945532
0.4548960698 0.8247533202
0.2940090761 0.3194451316
0.3917178162 0.9817305648
0.4504664351 0.9106862278
0.5765901163 0.8004582466
0.2049616311 0.3275770736
0.2569883800 0.0187802143
0.3635724611 0.2816671743
0.6773609680 0.5291056834
0.3437108613 0.1932696014
0.1935568740 0.4461360376
0.1647069261 0.2142630161
0.3676190238 0.7436107992
0.2758276418 0.1567447144
0.6746177056 0.8039531454
0.0866693038 0.2200966142
0.9082357457 0.4310115390
0.2736243604 0.9560040329
0.2211608774 0.6184254743
0.8215849761 0.7232693187
0.4162742775 0.3724674542
0.1583487549 0.2624990807
0.6046859026 0.1733557035
0.0093256517 0.8671732405
0.0994856547 0.5613636212
0.4659605931 0.6577162063
0.9628406768 0.6203413646
0.1502985483 0.3143341893
0.1441337414 0.6917155706
0.0402797557 0.7823343711
0.7041356497 0.4278703551
0.4493190145 0.3395903497
0.0925616799 0.4200977468
0.1739664080 0.8453515493
0.9075109465 0.6356471467
0.1233442216 0.4856070668
0.6730773844 0.6908838642
0.9300406279 0.3603999795
0.9760054027 0.7461811489
0.6832418016 0.0776867149
0.2987626900 0.5947288506
0.2749389861 0.4284169372
0.2343246878 0.8966745017
0.2809676516 0.8054650947
0.8475835238 0.5150587799
0.8741339174 0.9966020765
0.6617219352 0.9434189168
0.9482004751 0.7959630077
0.5673293436 0.0671617635
0.1268787730 0.9594526314
0.7056306577 0.6373551433
0.9299510088 0.5399830011
0.0635920858 0.0674428648
0.0670521595 0.3231498659
0.7312728578 0.1997893884
0.5121302433 0.1353329518
0.5786415422 0.7371731875
0.7728644386 0.8282006250
0.4782459453 0.7335341571
0.5001362781 0.9909726239
0.4127265924 0.5788187607
0.0046089747 0.9220087403
0.1753299622 0.1098130120
0.7345861896 0.3489781536
0.3387270429 0.9067472754
0.7831646004 0.5080592786
0.5400696599 0.5720135326
0.7443194691 0.6975546541
0.2412432971 0.0614185857
0.3751361347 0.0998901533
0.2212611087 0.1894554506
0.8430314089 0.6365509557
0.9526824375 0.0951111761
0.0173484500 0.5954793032
0.0966739460 0.9039495452
0.1242706330 0.1655176608
0.5566202464 0.6779678999
0.6679572484 0.0155539352
0.4962391567 0.4598769621
0.0191832603 0.1251446917
0.2507325698 0.7619664950
0.9715921247 0.2525882901
0.5758507420 0.9773742498
0.6032281940 0.0348745807
0.8734208563 0.3583966802
0.1322308555 0.4069771654
0.9665280034 0.8496379322
0.0462104279 0.1449195636
0.7908272594 0.8285754317
0.5315370313 0.8459837623
0.1172234930 0.6233121752
0.5469248994 0.6373726063
0.3542115028 0.0214980255
0.7924169681 0.0793558831
0.6369499967 0.5478713018
0.1738106081 0.9345692643
0.7849756561 0.6009059559
0.2055598551 0.7360923175
0.5612865492 0.4779995975
0.3809546994 0.6347647703
0.3204425283 0.9516653181
0.1207550238 0.6986609105
0.4417490601 0.2336798822
0.0251563993 0.6742154344
0.6575652746 0.3194461589
0.6825198040 0.3763145978
0.2908893411 0.2708212751
0.9352078813 0.1714286363
0.4469437524 0.5159776378
0.8461085337 0.7887044781
0.0892649505 0.7665567388
0.3871029062 0.4820162003
0.6254803620 0.9232423965
0.2547079371 0.2306789110
0.0340065986 0.5203278628
0.7132781246 0.0402991387
0.8211320400 0.6594043311
0.6575600069 0.4730371433
0.3500001828 0.4263766419
0.4693250667 0.4272207080
0.9454894064 0.4710731199
0.0159679371 0.2611315061
0.8651279351 0.9422185542
0.9346540668 0.3289747623
0.2538557570 0.3492190087
0.5843693945 0.4068400267
0.6313556384 0.4003848084
0.6330483754 0.7066271252
0.0372313087 0.4348953825
0.1018992284 0.8532704049
0.8581753034 0.1644527857
0.4513121478 0.2849201231
0.0597345484 0.0256729405
0.4212212632 0.9781130678
0.4025977754 0.1889400178
0.5810940528 0.8870288335
0.5673347978 0.5105092060
0.8195882860 0.3225754896
0.3489530673 0.8056104203
0.5159671714 0.9066306397
0.2514721368 0.8539843646
0.3645634176 0.5097841388
0.7888935556 0.2960802119
0.9832984110 0.0127227251
0.7997760081 0.3768624046
0.1486672316 0.7944288089
0.9192101415 0.9034815789
0.8526576744 0.8870857892
0.8454008475 0.2303777109
0.2654227282 0.4934196042
0.7477706634 0.7564777030
0.8262992337 0.0588914577
0.7259323869 0.8635690584
0.7141540260 0.1694482295
0.1719365252 0.0386711316
0.2528777643 0.6591245225
0.9948962065 0.6963690347
0.5049764570 0.2271832622
0.3948258837 0.8509822334
0.4858084943 0.0519324330
0.8651096506 0.0832417396
0.0767039944 0.3209359745
0.1148924364 0.0073737149
0.6136433399 0.1226143545
0.0074980572 0.3613659596
0.1320251210 0.6021518251
0.8377125330 0.4332102472
0.4863014689 0.5844848069
0.8806119410 0.5842141415
0.6774996895 0.2389859963
0.3445195216 0.6539265745
0.7326571461 0.5510944753
0.7390252894 0.9164267428
0.0088793062 0.9688164504
0.8941256128 0.7618308650
0.2846100536 0.1023429697
0.4436291170 0.0944673952
0.9749056211 0.4816996486
0.5505778919 0.2997812471
0.4951126122 0.7852167128
0.3102083363 0.5446266432
0.6144996230 0.2210230616
0.6286702840 0.7979595056
0.7587204440 0.9969722935
0.8762580329 0.1456224320
0.9399643466 0.0297410520
0.2981068449 0.7074181773
0.9217267068 0.2591778733
0.5819678858 0.2310166826
0.2295645282 0.5309583213
0.7758024216 0.4376929403
0.6515872707 0.6087395667
0.7598048118 0.9428055608
0.5148227345 0.1621883507
0.1619199264 0.5247835132
0.5222024919 0.3677781639
0.4071393542 0.7189541626
