0.4541114530 0.5641000279
0.9753019812 0.4838520124
0.4536968376 0.0760458685
0.2594435977 0.5772741244
0.4396273913 0.1651161350
0.0807662046 0.4941490808
0.8730363730 0.1898696805
0.8432305492 0.0904584887
0.0952397291 0.2854909020
0.8094754441 0.8411744227
0.8966728678 0.4114638430
0.6393645474 0.7791649115
0.7226076651 0.8475133652
0.6520172183 0.8720236386
0.7065942179 0.6748412868
0.3989092052 0.3224487328
0.1236179352 0.7181859495
0.1182241000 0.3791281133
0.3248085250 0.1918758420
0.9293978526 0.9826507662
0.2579214229 0.6306433668
0.5833349097 0.2329201365
0.0128895184 0.6488433274
0.6785755281 0.4122148452
0.4427238419 0.0090772098
0.6053779723 0.1339631345
0.4328535530 0.8821618835
0.2299447979 0.9856475551
0.8266816171 0.7693123177
0.1544618614 0.4434262061
0.0418211754 0.4021527935
0.4458274587 0.3824533590
0.6144864997 0.9768139083
0.6311330975 0.6976174382
0.6349015570 0.8836207966
0.2142556258 0.1879773276
0.7700034549 0.2862368175
0.0970169132 0.8284484535
0.8418531730 0.0156166848
0.8347178585 0.2086192357
0.2987474393 0.5369009803
0.0473092624 0.7986983849
0.3261160884 0.3954077408
0.4095024873 0.2731336582
0.3357323572 0.2692527840
0.2355608467 0.2291898698
0.9938586711 0.5516415864
0.4770700358 0.9370664446
0.5310572704 0.8372782385
0.3807137937 0.5722224212
0.9462802869 0.8521731623
0.6728898785 0.4884585740
0.5052107063 0.7784815963
0.5842167452 0.6205748248
0.9992460070 0.7286107536
0.8742576117 0.8251556446
0.7100833524 0.7504724223
0.3959833431 0.0544667398
0.1396512753 0.1932709678
0.9072068761 0.5740612079
0.5319631130 0.0039511483
0.8814171415 0.9125375735
0.4284437589 0.6360019048
0.7674771507 0.0308723548
0.9536425343 0.3997074900
0.0530936428 0.1808280649
0.8926816362 0.3027619811
0.8521792555 0.9200446788
0.6854690422 0.1153798871
0.5087205127 0.9315222815
0.9267930928 0.6085686692
0.2114941557 0.1208005509
0.3414451769 0.0520396315
0.9013174452 0.7895127262
0.9671557437 0.2345843026
0.2837573864 0.8168827411
0.3513864728 0.8455531926
0.1568421866 0.6072334075
0.5134680736 0.4269476458
0.3705808301 0.6392101841
0.4529726228 0.7087849166
0.5595190820 0.9107124175
0.5895040038 0.8013169397
0.7605791211 0.6280753958
0.1582538137 0.5080197521
0.6402439417 0.5471581063
0.8991153858 0.1109122222
0.6779110572 0.1804582731
0.0607585767 0.5802836284
0.0179570601 0.9475781043
0.5911405940 0.4830400905
0.0099252799 0.3064507173
0.3767979206 0.9784565869
0.1489686374 0.8168990575
0.8016251106 0.2702514847
0.5948260758 0.2366229858
0.3630633953 0.7402357637
0.4154778614 0.1672110472
0.2519782108 0.4677534876
0.9030781934 0.6574204773
0.3615458905 0.9257290090
0.0406128142 0.9879008430
0.7983735212 0.4027570583
0.8984914185 0.2438075191
0.0660204472 0.6723793314
0.2536153919 0.4776347301
0.5634833467 0.5575081286
0.9595621644 0.1684135809
0.1376342058 0.1354287800
0.3870457053 0.7999539111
0.4558897729 0.7851921056
0.5181900126 0.6979232003
0.4914989554 0.3318447011
0.3578437178 0.6864063900
0.1717486091 0.0204115882
0.0877644381 0.5923863145
0.3974158535 0.4814237040
0.7808362337 0.5960704731
0.1560025139 0.3068432759
0.5690200178 0.3141394161
0.1644696883 0.9277125919
0.5747315123 0.4014890978
0.0615630369 0.7615166534
0.8060360206 0.7016543358
0.2535381160 0.9068678681
0.9993146963 0.0760534099
0.1058768713 0.9486686118
0.4901433477 0.5233385847
0.6851328212 0.6398440844
0.2507445172 0.7168926511
0.8244221115 0.6309228271
0.0532444879 0.1985679040
0.3450991899 0.1212709751
0.9194996688 0.5006583495
0.2968357111 0.4246814793
0.4283254759 0.8791104059
0.0564917293 0.4834206526
0.7738335287 0.1561945692
0.2641768608 0.9974181728
0.5429254637 0.1789370682
0.8035101429 0.3332323071
0.3783802286 0.5368498285
0.5032610901 0.6352884834
0.1580324285 0.9411703614
0.1772426947 0.0698910321
0.7308777278 0.9147172398
0.2915499806 0.7019659457
0.7835655210 0.5110426605
0.0968911806 0.0828677184
0.5465603797 0.0677874792
0.2552028623 0.8700779908
0.7102728927 0.5397611750
0.0265773052 0.2759003263
0.2064491058 0.7763573567
0.7652392410 0.0134341040
0.9581122313 0.3452371552
0.8539175907 0.4692564617
0.6702011361 0.0420681157
0.8629817802 0.3950150562
0.3591407826 0.3618179051
0.6698220582 0.6206158292
0.1859275839 0.5508723547
0.2070332786 0.3485764884
0.5875534475 0.0168752120
0.2033798630 0.8568172324
0.7385735296 0.0950998724
0.4115187469 0.4409018782
0.6983407728 0.9738742175
0.7013029986 0.2442394517
0.2876920564 0.0569602990
0.6859426076 0.3068985606
0.2105840588 0.3893600275
0.2006097134 0.2685133461
0.9977355147 0.0483374019
0.8978922418 0.7044411998
0.9515895812 0.9396493181
0.7336726898 0.4542223814
0.6319329200 0.3428377329
0.1773787476 0.6722131633
0.0541708256 0.8938773658
0.2636842928 0.3101135578
0.8487334517 0.5416214179
0.5620594830 0.1304625151
0.5345237501 0.5021259582
0.2841392724 0.1916162828
0.7945578834 0.9473864361
0.5774642311 0.7221801344
0.0011236318 0.8365981296
0.6307420110 0.4105956011
0.7285731866 0.7938870100
0.0388269640 0.1113587901
0.9563499957 0.7492870579
0.4869141634 0.3087556996
0.4891940018 0.1268839157
0.9159651242 0.0554084689
0.4589537858 0.2285004160
0.7362210647 0.3620093971
0.7736326492 0.1564118719
0.1922598234 0.6929574716
0.0481920012 0.3816162619
