0.0634239624 0.9777978719
0.0799304619 0.2082567217
0.6168458090 0.3438980392
0.8209792277 0.9147096382
0.4178875434 0.5004503730
0.0719377203 0.8295823541
0.6815334905 0.9191023367
0.4850626388 0.0134590881
0.7072878900 0.3582762671
0.4933887792 0.1956580938
0.6788824632 0.0092823011
0.2902595738 0.1654947610
0.9060778380 0.6425271974
0.7395424567 0.0489416886
0.0252103787 0.5462567091
0.9468362846 0.6843258368
0.4672148947 0.3800620572
0.3644183710 0.6709438061
0.9317419040 0.7266380055
0.3633419491 0.3072927736
0.5344269131 0.9110655844
0.2517960259 0.6457632194
0.2325914611 0.0802870037
0.7016260154 0.4412233418
0.7519136488 0.1802789259
0.1434271774 0.2557142372
0.8383121703 0.7190326343
0.2200490645 0.4561002278
0.7433876150 0.9864005477
0.0903973272 0.6182308988
0.5849725114 0.0575933777
0.5093177956 0.8201197173
0.8188385789 0.1155474431
0.0465624796 0.7636001131
0.7353114038 0.8514543302
0.0273646000 0.9207505925
0.6420756701 0.7793330560
0.0377207409 0.3202205466
0.5759215642 0.8477058016
0.7674554666 0.6876660139
0.1081229663 0.5750221522
0.9719396207 0.9948785750
0.2989207773 0.8271318678
0.5442284196 0.3115737288
0.0489062633 0.0583725183
0.9126402276 0.4299414039
0.6718468655 0.5564366361
0.1824612367 0.1770332749
0.5323608695 0.2550152918
0.2735817869 0.1231989949
0.6759531905 0.8135293648
0.6627497469 0.1741013422
0.4287330237 0.7621422396
0.8111296745 0.8421037619
0.8132124746 0.0031869322
0.1191282861 0.7504737594
0.0115147781 0.2223745885
0.2928492867 0.4166609061
0.8028372075 0.3883977122
0.5241334032 0.7093854426
0.8862895978 0.3450767678
0.9683891879 0.2305849551
0.4536973278 0.6854336982
0.1356843127 0.9809136997
0.9764206573 0.5931527204
0.0152380123 0.8397653510
0.0437685097 0.6683811059
0.2903618862 0.9809082327
0.2847165625 0.5772600135
0.2199910285 0.3297399368
0.7002973939 0.1271768750
0.1948435710 0.2806760291
0.7734018184 0.9160413296
0.8292128496 0.4792170939
0.5098393735 0.1370730775
0.7095907516 0.4686273458
0.1796755672 0.3941950326
0.2863807981 0.3432412251
0.5605503498 0.5234945843
0.8514583860 0.1244633345
0.1468263123 0.1767327712
0.8395346065 0.6585065893
0.1373754331 0.0514712885
0.8502520624 0.0692304391
0.9305089518 0.7689896624
0.0059986624 0.1351221905
0.7747066003 0.3327508570
0.2863142040 0.2557467291
0.5781533615 0.7513492168
0.7301936306 0.2363284282
0.3513480491 0.3716526922
0.6316331764 0.6456241808
0.9572619036 0.1165481078
0.5652573245 0.4824593201
0.1925106021 0.0918699988
0.2152288346 0.9186004994
0.2083995152 0.7146941989
0.8548155943 0.7886400903
0.1928593780 0.7171493061
0.6758259037 0.6894653895
0.1165208552 0.3248979393
0.9037339376 0.9522130640
0.1391056643 0.4872732948
0.6135157378 0.2595336852
0.5227459389 0.4263824061
0.7785611873 0.4664001375
0.4108857161 0.9370397632
0.6688317792 0.2434309796
0.3321766535 0.7244750761
0.1863214243 0.9910709009
0.2863515268 0.5492435751
0.4870186330 0.7587474446
0.0178692484 0.6370526131
0.1090156981 0.8994572234
0.2068030371 0.8294028582
0.9453748868 0.4946255322
0.7570844278 0.7649828575
0.5335342012 0.0864175526
0.4784947857 0.8660757358
0.3695094061 0.1507910845
0.1608911553 0.6021926071
0.3162763649 0.6624171604
0.1973839056 0.5319323888
0.2539963388 0.7811351453
0.0927277223 0.3719862067
0.6906621847 0.5719730089
0.2254307158 0.4279790409
0.9154687058 0.8534761995
0.3942172198 0.9897668550
0.5014911344 0.6440100238
0.5939709071 0.9149446396
0.9560007769 0.0344402665
0.3074555777 0.7512710820
0.3658283639 0.5092631352
0.5961796638 0.5929576357
0.0851763880 0.0757005234
0.0227150178 0.2729857288
0.0589925460 0.4840287574
0.2894397042 0.9033552158
0.3419507566 0.8351377764
0.8810672633 0.9191646848
0.0638148538 0.1248414891
0.3836433643 0.2535857002
0.4331351627 0.0985302595
0.1536935785 0.8069688322
0.3712608036 0.2123690847
0.8803851649 0.0150902513
0.4002207017 0.0458719552
0.9431504868 0.4006333404
0.6644436136 0.0788795485
0.3248770643 0.4906472816
0.4571318687 0.4848608660
0.9570047551 0.3202365741
0.7737730300 0.7729795435
0.5485357942 0.6432424482
0.6786918391 0.8800741723
0.4940038617 0.5058334136
0.5771197315 0.3671602695
0.0048838176 0.3791532623
0.4014062848 0.6463667294
0.1822542965 0.6620120296
0.4352091976 0.1684466279
0.8468392689 0.5724285360
0.4857113790 0.9520701813
0.7309023979 0.6192439811
0.6517617832 0.4844363703
0.9794792822 0.9137744801
0.4651736748 0.2812125791
0.8692324507 0.2036475644
0.1104410185 0.4121084921
0.6015382868 0.4502610486
0.5782075560 0.9959841987
0.3938610331 0.3834710651
0.7808849781 0.6168155055
0.7958243636 0.1839399718
0.9309600384 0.5475770568
0.4520833763 0.5711979805
0.1530607906 0.8919694717
0.8377115371 0.4205430278
0.2548460823 0.2336109755
0.3955916334 0.4709688203
0.5890945483 0.9836812768
0.6700881576 0.3481050553
0.3462360950 0.0867534393
0.0201433499 0.4633360413
0.8344041103 0.2808372092
0.2421482899 0.9430597110
0.8561087681 0.5458207125
0.4543210606 0.3050816561
0.7677464023 0.2981275720
0.6101976434 0.1041319669
0.3402105356 0.0413173456
0.5832546779 0.1863840661
0.8861583214 0.2657794220
0.4219917259 0.8467052240
0.9333027214 0.1662891838
0.6000441591 0.7179306332
0.9616329379 0.8165138484
0.0519654495 0.7025095536
0.3720019758 0.8821869186
