0.4615541935 0.8581779214
0.5855458455 0.0838529175
0.1455704193 0.1761965253
0.2137068021 0.9713780372
0.9287019765 0.0265932183
0.7861688190 0.7023428683
0.3308623351 0.6344020048
0.4309854781 0.3112090774
0.9259489103 0.3728134325
0.7348795542 0.6398932309
0.6212282118 0.2326816711
0.2281749114 0.5113508084
0.6089993190 0.7212466909
0.4584858122 0.6133275337
0.6643416652 0.9270167330
0.8892217554 0.6286452618
0.3540972240 0.0833804538
0.5217982647 0.6979544050
0.5467186649 0.6932699351
0.9753509763 0.8072490031
0.6675311862 0.4863992086
0.9967835933 0.2639918279
0.7667946849 0.3995139416
0.5149664494 0.5856226985
0.4465287980 0.2822412159
0.1149089684 0.8559474351
0.4020779177 0.7359616897
0.6791819523 0.1088635273
0.3524287170 0.9404870455
0.0496839188 0.6206122687
0.1780959110 0.6405763836
0.5103139043 0.4846675275
0.1476645538 0.8940507155
0.8984797136 0.9401650816
0.1547550337 0.0684982853
0.8203081827 0.3892486032
0.9688421261 0.0224823764
0.9281916923 0.2162239135
0.6523592269 0.3370322600
0.5588784957 0.7929097484
0.9982230425 0.9394781083
0.5611961921 0.4407961908
0.4316067041 0.6610168205
0.4627394648 0.3970188579
0.6515342334 0.0557096847
0.6027260316 0.5097792587
0.3028740832 0.1288142758
0.3035280174 0.2307884609
0.6007600241 0.1456698732
0.9830912410 0.6696754421
0.2473227084 0.0392276017
0.6567282172 0.6135020356
0.0608124812 0.5674889277
0.8002843460 0.9075027776
0.4638312657 0.9256223346
0.0178219623 0.4179399700
0.6413768306 0.4156004451
0.7006096607 0.0223585243
0.0385107050 0.5595213029
0.4037364270 0.6904998912
0.9610267469 0.4159710546
0.4573035054 0.1178767963
0.6905719822 0.3651552454
0.3288716984 0.3263689828
0.1244097106 0.6217144841
0.5306207459 0.3165061576
0.2301770206 0.2866470748
0.0786715169 0.6833308800
0.9348686251 0.5157067788
0.9657347785 0.4657560035
0.0488759812 0.0639646345
0.2458383385 0.9374802922
0.7881540619 0.5953742242
0.5101888628 0.3794359196
0.0574014446 0.3754390801
0.2005612444 0.5324013824
0.5826526971 0.0077564289
0.8564203008 0.7129746012
0.2952011479 0.4363214412
0.7580171896 0.9819732119
0.3799409418 0.2078522285
0.3169099402 0.9858997170
0.3015654469 0.0577007051
0.7793238140 0.8768183048
0.2991052564 0.5204383369
0.8378155875 0.2009812180
0.0807961790 0.1089438838
0.9081260934 0.3131527495
0.2758365733 0.8858742311
0.3890853932 0.4312363518
0.2325758677 0.6145863960
0.7722536267 0.7840972236
0.8178913597 0.4748096799
0.0004974388 0.6917812744
0.7112228173 0.9609550733
0.6639491465 0.8021952483
0.2128632942 0.4466489597
0.8222470217 0.2777112441
0.2841022215 0.5848623606
0.1169782447 0.9395141085
0.0778097241 0.7354470353
0.3199959122 0.8560483314
0.8247555232 0.1276760819
0.0853123604 0.3212128257
0.3950306762 0.8398766767
0.8150284879 0.1130912165
0.2311356715 0.7064884425
0.2103023737 0.1987064940
0.0698247484 0.4685294536
0.2662555768 0.2006819840
0.8691656229 0.6658753078
0.7343931643 0.1934043139
0.6272919735 0.8090554372
0.0386651376 0.0118609764
0.0451653849 0.7937145247
0.0765905096 0.1344517668
0.0537840850 0.8478545367
0.7145294487 0.1326066771
0.8823178796 0.4502782685
0.1209063677 0.3906199839
0.1356815290 0.9735610302
0.9215901206 0.1544041996
0.4716179386 0.8099289168
0.7360454019 0.6908297694
0.5307939041 0.7733246543
0.4618860300 0.4979097119
0.3451356506 0.4930298964
0.2266292605 0.8144516634
0.9494522576 0.9286228695
0.5852306929 0.8703623063
0.6486632643 0.2787826525
0.7092737886 0.8934362608
0.7460003902 0.4873879332
0.4294905655 0.5168628534
0.1719440579 0.0454713392
0.8614451602 0.5571940687
0.3521264073 0.6347269970
0.8977236016 0.0808664459
0.9007225677 0.5305016827
0.1492787196 0.7638629783
0.6725563363 0.5630375913
0.3785192639 0.3831936265
0.4191694685 0.0785224961
0.6852324135 0.7381722598
0.1664208421 0.2448939212
0.7559301872 0.3274094304
0.3071683724 0.6999075021
0.8580569299 0.0055647520
0.3935156284 0.5724575104
0.2782073409 0.3670655316
0.9668892965 0.1368080370
0.6562957365 0.6533940477
0.4021529533 0.9745123468
0.7792788991 0.1961244070
0.4918361891 0.9476623169
0.1154969980 0.4843898188
0.8596158494 0.9021285167
0.5968548778 0.9370984550
0.2195234657 0.1252538342
0.0137947667 0.1703320180
0.1502338255 0.5488855831
0.8132910103 0.7679171264
0.7396832487 0.5735620597
0.0514190765 0.9196951579
0.9891880532 0.5391796498
0.5686847638 0.2539166447
0.5076049104 0.0286594029
0.2214034021 0.8681816328
0.2477668576 0.3637490597
0.4890233100 0.2079226631
0.5157489506 0.1722381862
0.5297382993 0.5072464130
0.8136377246 0.0509090735
0.9919783115 0.2900607771
0.6547871376 0.1815139831
0.3907061495 0.1787209656
0.7352779408 0.4810699006
0.1599133564 0.3036379212
0.1835325718 0.3809037243
0.4805792141 0.2682544868
0.4100373602 0.0290346721
0.7013198610 0.8267218088
0.7307356035 0.2608429670
0.0885186590 0.2067476563
0.9198637524 0.7260542466
0.3233579291 0.7338401757
0.8428239111 0.3496312135
0.9073588289 0.2629585667
0.5593055237 0.6029534155
0.5329989209 0.9668969322
0.8859838167 0.8308574806
0.9606574398 0.8568803455
0.8878291414 0.8160217229
0.1608688031 0.7248021764
0.3278228349 0.2776902453
0.2598809983 0.7663514182
0.3777852373 0.8918385302
0.5924680205 0.3711929097
0.5189992159 0.0980655564
0.0700750674 0.2773029011
