0.0386300650 0.6516784161
0.8792406166 0.9179342290
0.3053466394 0.7821148915
0.2318153108 0.5503550507
0.8498531330 0.8407276604
0.2759029522 0.5995626220
0.2413710502 0.8524294934
0.3013064246 0.6200027536
0.6558653486 0.3828978011
0.7231325161 0.5408111741
0.2327893608 0.0142603784
0.7325229248 0.7557569448
0.9181013908 0.1436151423
0.2765483570 0.6761751928
0.1081734106 0.6028127742
0.2922587786 0.5234936557
0.6627436641 0.5937497012
0.3509185707 0.1889153791
0.7503299778 0.8669320994
0.6073347166 0.4181133511
0.9328010936 0.0500006086
0.4925540718 0.9000407355
0.5947653463 0.6421408181
0.3448968695 0.5344560136
0.9101625562 0.3580891870
0.0187359702 0.3214658031
0.4586269372 0.6318437681
0.8969199208 0.7708536735
0.4052586891 0.6349853538
0.2228491355 0.3583413702
0.7415500731 0.1921010649
0.4079878899 0.1873749006
0.1534329351 0.6898018615
0.5826298067 0.1579372326
0.9245283787 0.7829556407
0.4918148348 0.3783775339
0.1344384629 0.5077855679
0.7187354243 0.0102670794
0.8989366516 0.9924805016
0.4379195743 0.7135420061
0.8657262332 0.2014258448
0.4777346279 0.3978434463
0.7005412418 0.6854780277
0.8841368764 0.5666458652
0.1857413200 0.0452321281
0.8234403972 0.6159249449
0.0538848250 0.4378539500
0.0630691109 0.2180933929
0.8306226778 0.3298185953
0.6182455332 0.1973709910
0.9799069905 0.4429919075
0.3299523071 0.9080769617
0.9556345454 0.8601089190
0.9950398137 0.2578414835
0.6206171894 0.9957614329
0.2291617822 0.9630584848
0.6736032462 0.6445861687
0.7235547030 0.8174601012
0.9646026588 0.0715764215
0.7653099431 0.5570841607
0.9354199141 0.8679408658
0.2498456234 0.1726574239
0.1605803008 0.5314189688
0.9337281440 0.5526501325
0.0870830723 0.1555662642
0.3517310723 0.8665172654
0.4851369555 0.7573882564
0.8338346918 0.0682970491
0.4901779240 0.2639538056
0.8404620994 0.0256852671
0.8967813085 0.3691412025
0.9608341083 0.2972931606
0.6941990013 0.1397166652
0.6443711790 0.5143099989
0.3281796014 0.7222797490
0.3660570039 0.8223068280
0.9195486754 0.6242365821
0.2237175012 0.2526135231
0.6070861269 0.8232025482
0.2037896220 0.4812049960
0.3910191705 0.5655405264
0.6895775327 0.0453897210
0.8013526905 0.7963265636
0.2362844170 0.3481692744
0.5365716363 0.1253858598
0.8826466578 0.4577095258
0.1524472723 0.9364210577
0.5534336248 0.9722600022
0.4806333896 0.5437227819
0.4763359048 0.9763019194
0.4131210624 0.3410860775
0.5896239311 0.7521847176
0.6686203465 0.7681247798
0.3642097752 0.3518954395
0.5693091284 0.5570376369
0.7576698916 0.4818989152
0.4180036149 0.1111857390
0.1487854460 0.8309788130
0.9797220369 0.7172837938
0.2685712749 0.1372142934
0.4066975203 0.7655440122
0.1061056538 0.0250142427
0.4768014647 0.1738986672
0.0621901644 0.1092365197
0.7281910483 0.3388927171
0.2449130177 0.7387937928
0.4176302334 0.9471139468
0.8012258372 0.9565878906
0.7780462179 0.2848071867
0.6338774374 0.9077729731
0.4230009779 0.8281013292
0.7833676175 0.1320313084
0.1426382287 0.7657098407
0.7736191147 0.0866196920
0.0629377616 0.8329004701
0.9357457664 0.4337727356
0.8155920979 0.2154589947
0.8001451103 0.4046248243
0.7224163439 0.2168762784
0.5237916603 0.4866532690
0.8833865432 0.1809640372
0.2540821952 0.4635392826
0.4898391271 0.2951404197
0.1330699623 0.9766155861
0.6578863057 0.0948672418
0.3419187659 0.0950624712
0.4879240358 0.8726999124
0.0379730296 0.4798882265
0.5699657844 0.8860967310
0.5663110336 0.3223166346
0.0726943731 0.6102962914
0.2228892183 0.0971088370
0.1245011058 0.1445975989
0.8169646721 0.5241223762
0.8816920782 0.2819426787
0.3093631560 0.0399226341
0.0802006240 0.7203257315
0.0326109753 0.0506443175
0.0554030016 0.7262833789
0.6767797090 0.2468328356
0.4665816841 0.0566988553
0.5068805263 0.6188831380
0.6024901934 0.2820251526
0.1384297007 0.3890987159
0.2869356048 0.9322276206
0.4247886981 0.2589519764
0.7744138598 0.6425840308
0.9668025941 0.1961713571
0.9073129938 0.9638151363
0.9971278105 0.5668082313
0.8649591782 0.6619893435
0.0663077331 0.7961271655
0.6651444402 0.8595408611
0.1651067942 0.4188094465
0.1745006979 0.1462856503
0.3834472470 0.9734676189
0.5954202173 0.5609757414
0.1415828211 0.2673218010
0.5142394746 0.7924977760
0.7434861255 0.9663301850
0.5929691750 0.2601512106
0.3738372682 0.6763607433
0.5632978105 0.4431511538
0.8672560558 0.7503025492
0.5349065552 0.6882122503
0.9916900735 0.1685750512
0.5740262042 0.0303617224
0.6407225643 0.7054970709
0.8128467527 0.7190305890
0.1846905738 0.2356754635
0.6831487569 0.4570064304
0.3080140804 0.3326600699
0.8517482313 0.4723619667
0.0525096754 0.5313031319
0.0467736396 0.3869244569
0.7309624355 0.4260531173
0.0777941399 0.2811974684
0.4083575870 0.4247323115
0.0251586195 0.8718591537
0.5507962612 0.0821370507
0.1824558315 0.6282097306
0.4187669623 0.0487241225
0.3297551482 0.0075546475
0.1962019855 0.8990342705
0.4475590263 0.4987208662
0.7939339087 0.9002625455
0.9855872578 0.6591379657
0.3333182710 0.2620936346
0.6670250882 0.9448418496
0.0658207928 0.9286607615
0.3969992508 0.4499882860
0.2055736710 0.7107651092
0.6706523392 0.3724696520
0.3227670211 0.4455182938
0.3045189906 0.2946915470
0.1330709333 0.3423778265
0.0054099491 0.9996502549
0.0205830394 0.9609711490
0.2290391397 0.8278274516
0.5191221111 0.1905462764
