0.1907049820 0.9193205236
0.7861445792 0.1719311745
0.0026857272 0.6835590864
0.0783253654 0.6688673514
0.8658695955 0.6855338721
0.6186151199 0.8158485629
0.1275118425 0.3382973099
0.3937799100 0.1756138763
0.9805825882 0.2612238560
0.5065177002 0.5845474037
0.6205410526 0.3433868370
0.9463884887 0.3837846796
0.5943693618 0.9279912326
0.5521064388 0.4135444991
0.2592757421 0.5892680156
0.4480807405 0.3906535674
0.1173842213 0.6776916100
0.9031967366 0.7639387532
0.0848695079 0.2316256863
0.6807082283 0.0759618228
0.2939551884 0.9148506504
0.3756658208 0.9623257845
0.5719189777 0.1968192375
0.2328532587 0.1245860890
0.3033139709 0.5314214976
0.0242654280 0.9624239945
0.2940209240 0.6299694773
0.1675192607 0.4641031248
0.6822559859 0.8876213831
0.7863889268 0.5854932186
0.7467714798 0.3495936432
0.1250358515 0.0664417597
0.5391633371 0.0195172143
0.0504483239 0.8444164431
0.8524031861 0.1481867695
0.1638047075 0.5566230167
0.3857792862 0.6449610480
0.3526625561 0.9507224576
0.2459263312 0.2673708945
0.1383961962 0.8489291554
0.4789519244 0.5225732516
0.9484263871 0.9177721809
0.0401816870 0.3158372273
0.6280443486 0.2696401144
0.6735370079 0.5801262397
0.2965878866 0.1607614430
0.8742443072 0.3106059946
0.4991998500 0.3353000669
0.9678762612 0.0763131117
0.0094143480 0.5932248429
0.7672415692 0.3990858268
0.8048385020 0.8563852756
0.2585694176 0.0474353385
0.1508494165 0.4101512010
0.5624379862 0.2570802103
0.2259056660 0.2024515217
0.3813743710 0.2649777273
0.9059018078 0.8346636026
0.5827197199 0.1115725726
0.5554378793 0.3200822259
0.5266105050 0.4473692803
0.2059733548 0.8404341719
0.4706479623 0.9336071981
0.0989644108 0.7728043320
0.2570167898 0.4514772087
0.6912856045 0.6746198563
0.7755827177 0.1056196381
0.4246888887 0.2436215395
0.3162793014 0.8379820829
0.1484734650 0.9671913663
0.1642821952 0.1733683803
0.8261893420 0.7922218551
0.5048791696 0.1165102933
0.0651880546 0.3892386847
0.9268708692 0.5775820886
0.4696178300 0.4539731366
0.2734513417 0.4292751072
0.2866416249 0.6847636517
0.5839105676 0.0136692736
0.8785448891 0.6255853369
0.4871495988 0.2235948846
0.9625310045 0.5292427070
0.3356465758 0.7259548745
0.4448734164 0.6549583829
0.7212847423 0.1381521886
0.5038382942 0.6903423191
0.0962620084 0.2922252308
0.5668328132 0.5226712565
0.8789129595 0.4606597466
0.7494779598 0.2572595348
0.9646690719 0.7730841454
0.1854550552 0.0223843482
0.3589536063 0.0525429187
0.3812422220 0.5766239046
0.0385138789 0.3784186748
0.7435815175 0.7182020907
0.8071771118 0.9646299463
0.3622448054 0.3419712474
0.4424772249 0.7288309808
0.6076101273 0.8271828340
0.8438990686 0.3638603671
0.4446041985 0.3187853132
0.0315417308 0.1703747873
0.9930682953 0.4903222235
0.8965489441 0.8777793247
0.4443433502 0.6043632101
0.2774762636 0.9015740324
0.4005937290 0.5001248001
0.2037381900 0.6439889089
0.9219489274 0.9764438037
0.3161727713 0.8020374464
0.6198621549 0.5415818002
0.4525365378 0.9640730584
0.8637118952 0.2017121214
0.9336565147 0.1821582760
0.9452442704 0.4139688279
0.8899148115 0.0844794217
0.6756393454 0.5025356951
0.1585265879 0.2245584872
0.7557181581 0.9138729740
0.1981109544 0.7936045981
0.6954499124 0.3637929902
0.9731441152 0.0629258159
0.2882192076 0.3779863017
0.2198727739 0.7081735628
0.8667025733 0.6977898673
0.9874889535 0.0023776877
0.6911402713 0.8210179882
0.4016702740 0.4721257330
0.3038087046 0.0265757859
0.3182192901 0.1905928465
0.9370898380 0.3301662218
0.5174633330 0.7998698009
0.6233460621 0.3782151758
0.8257188365 0.4049051427
0.3109125512 0.3534647649
0.0763407862 0.5231740422
0.5820935757 0.6075293552
0.8089940210 0.2630312062
0.7617338690 0.0283837575
0.9700909992 0.8783647558
0.5626097883 0.7673497909
0.5749559428 0.6490026501
0.1861026294 0.3285468066
0.8827891104 0.4948219877
0.4875931060 0.1788079139
0.5981173933 0.6959846277
0.5169586520 0.8770495697
0.8493576444 0.9359410366
0.3422304631 0.5211501109
0.6372615149 0.7350674959
0.4077201679 0.8178650634
0.7024052179 0.9579296477
0.6941673742 0.0194087624
0.2324514845 0.3544788289
0.1317623494 0.1234023362
0.7975909339 0.6933959310
0.6746436867 0.2109734125
0.0346564263 0.7212770983
0.0917516771 0.0242232420
0.6423593266 0.0950221811
0.0440652238 0.1881996958
0.7031969229 0.7660815474
0.4256850857 0.8780933569
0.7596728918 0.8324859366
0.2446005177 0.7513099759
0.8677015979 0.0388002958
0.0733807154 0.8967066058
0.4648096500 0.8103830664
0.7452580955 0.4951911281
0.6153180510 0.9452545582
0.6102554566 0.4558711443
0.1541281542 0.7311681881
0.8237517829 0.5834355080
0.0549068303 0.0848665333
0.0074942184 0.8049392166
0.7997340046 0.0299928488
0.2569201241 0.9582592276
0.0729944389 0.5647486384
0.6593028580 0.1708036938
0.0933513291 0.9404335748
0.9835085447 0.1592753075
0.2635143829 0.1009699579
0.1470921758 0.5324298167
0.4792161955 0.0801400107
0.9484198098 0.6654370717
0.1177826363 0.6131614674
0.7090279881 0.6428934069
0.3151151135 0.2573141666
0.7681558022 0.5665481264
0.3920241202 0.1158677594
0.7019562394 0.2669781945
0.0015244647 0.4496504387
0.7960030515 0.4759983098
0.3797476073 0.7525348154
0.4426308756 0.0775935872
0.8851061400 0.2439718803
0.5016169022 0.9987589072
0.6896523767 0.4325618555
0.2360409573 0.5168775687
