0.7341228219 0.2860093090
0.9902462771 0.1188301260
0.7493304191 0.2049143610
0.8667511546 0.8592821979
0.2413595843 0.1578185897
0.2376991645 0.3978210165
0.8283908565 0.4795554023
0.5785292579 0.2971814975
0.5725554808 0.4557628074
0.6218272796 0.3838018380
0.2704428487 0.4438872506
0.0767495775 0.1760738010
0.5003607146 0.1622387490
0.6642658482 0.4326128839
0.8296515396 0.9427302982
0.4490103823 0.2105923203
0.6564803876 0.2783097385
0.4387996743 0.1695783279
0.5489060171 0.3762581172
0.6114221052 0.7244336697
0.9824008325 0.1822936247
0.0438920396 0.0751487587
0.1345700123 0.6444771799
0.9689837817 0.3421137117
0.8266570628 0.3635438152
0.7582077003 0.4750225948
0.5943440513 0.0512491725
0.4804310718 0.5537075870
0.2075797888 0.7300095344
0.0529371544 0.6700770150
0.3053171026 0.5310441191
0.3815851002 0.2448495517
0.4209250833 0.5014308767
0.0769513114 0.0208063591
0.6968049870 0.4960451807
0.1167542694 0.8693581426
0.3394425695 0.5533416469
0.4219086239 0.1020379568
0.4603378222 0.3115543771
0.7194783564 0.6161273533
0.5744055528 0.8824586056
0.4642391773 0.9061270082
0.0255614446 0.9828875411
0.2565603678 0.5995489577
0.1084522652 0.9744915416
0.5298690999 0.8018716924
0.4057288045 0.5755737522
0.2931392930 0.1818185775
0.9762742726 0.6222082055
0.3469667406 0.6322076196
0.9172349862 0.2167253367
0.7531309146 0.0838463170
0.1572623892 0.6806189613
0.5514575471 0.1439721928
0.4539220226 0.4342531035
0.6937692583 0.7110752751
0.3404743536 0.4741960914
0.0820322564 0.4043292774
0.4813625824 0.3327648939
0.9418949641 0.7317995116
0.9301316231 0.0653216116
0.0069584393 0.9286858418
0.5034440534 0.2482376137
0.9443742519 0.5460433456
0.5403749475 0.5915699748
0.1311926487 0.1663778765
0.8904584713 0.0932104285
0.7896927615 0.9842804884
0.5533126899 0.8347016274
0.1330849320 0.0857618140
0.1724850877 0.4556377739
0.7020464595 0.0374601684
0.9076821723 0.9169973236
0.8756097666 0.1719320061
0.8903030108 0.7069401562
0.3106554401 0.3057030273
0.0109785054 0.5311194664
0.0059642999 0.8394142300
0.1035638201 0.2771477510
0.7454850664 0.7675061517
0.7650083527 0.8242081822
0.6441434300 0.2483919640
0.1794414258 0.9111848286
0.5658543270 0.9600407757
0.0854835440 0.7573935130
0.9636986153 0.4759379014
0.8896529948 0.6603808620
0.2809457230 0.9130594682
0.4326244463 0.0513398763
0.3755675817 0.9089591016
0.7807309523 0.3205273260
0.1552151098 0.8140308545
0.6923211186 0.1374286465
0.5454805378 0.5118676511
0.8630280593 0.5904708683
0.3468152149 0.0818687056
0.1725720774 0.2384033209
0.2113163620 0.9839886250
0.9446939457 0.9964167485
0.5274720051 0.0419241710
0.6728273780 0.3246845064
0.9163768227 0.4131044896
0.2714369582 0.9639517316
0.1688689552 0.3020050887
0.3146275549 0.2455111377
0.1803858182 0.5920171139
0.2419509661 0.8526805989
0.1046837713 0.5268380098
0.0750315566 0.8648429690
0.1392524263 0.7382904937
0.0802809654 0.2480909718
0.7736520198 0.6511452672
0.8201458890 0.7361614254
0.2317853835 0.5291455728
0.7182024461 0.9516876216
0.5119777672 0.9090550600
0.2502489088 0.6575859076
0.9438722952 0.2619517017
0.8652393555 0.3976353872
0.6558504368 0.1522198164
0.7535994945 0.6979675913
0.6573995933 0.8115580489
0.6774289643 0.6714024442
0.1903946353 0.5143304768
0.6234870221 0.5735153731
0.3395054234 0.7577724926
0.3159028394 0.6654389007
0.4205116177 0.6475251424
0.5627244976 0.6607276076
0.9931010432 0.4320902258
0.8007862159 0.2194576723
0.2696059232 0.7594979801
0.4612910384 0.8228953858
0.6884790969 0.1516277064
0.0343326017 0.7700567189
0.8189204947 0.8369614745
0.4840410773 0.4546957629
0.3772367961 0.4225921358
0.2453094092 0.3449887732
0.6212445706 0.7429102477
0.1782314094 0.3685845908
0.3712343397 0.8083786683
0.8001196524 0.5606244098
0.0592285022 0.3540705511
0.1207969329 0.1112880297
0.6007124036 0.1033456654
0.7193444919 0.8433584434
0.4187022967 0.8260818935
0.7902429277 0.5575809570
0.3479310223 0.9772813138
0.7802796682 0.0133048476
0.5674075367 0.9774088264
0.0670525846 0.4711166315
0.5157977737 0.3883772711
0.0901236779 0.5992982178
0.3005765640 0.0258690601
0.3490473264 0.1294767920
0.4984187151 0.0591691130
0.0165762883 0.2431269991
0.1535399014 0.9425422049
0.6547885035 0.8638860684
0.3664506565 0.8989110531
0.8380703874 0.1654209802
0.7050145702 0.5594369190
0.2176414958 0.8224039875
0.9357193661 0.7795938726
0.4500307202 0.6988978226
0.8852618352 0.4852487055
0.4976836740 0.7398594811
0.9143187655 0.3320420090
0.4310480366 0.9764570204
0.8970939064 0.6021860388
0.6847948982 0.9698450945
0.9923732957 0.6854101311
0.2041009458 0.0285614683
0.0115220073 0.3091021188
0.7198558213 0.3998677524
0.8085053603 0.0874527101
0.2807968965 0.1327653733
0.3853423968 0.2484635246
0.5812747343 0.2163867343
0.7925416596 0.4130113908
0.2988231646 0.8256632974
0.0448259181 0.5713517629
0.8628418810 0.0936100841
0.3287218967 0.3591041432
0.4675838788 0.6010464248
0.8341251849 0.7762034546
0.8632226458 0.2944100385
0.5877145103 0.5077436837
0.1994152495 0.1082134861
0.2309544348 0.2662926671
0.8896113928 0.9592435224
0.1204721878 0.4141614810
0.3785436832 0.3681661133
0.9827290630 0.9275971258
0.3878387229 0.7273973026
0.6371757281 0.0212385771
0.9553630253 0.8212271820
0.5557701656 0.6523841639
