0.7412006911 0.3383401943
0.3650173431 0.9666426052
0.4315900964 0.2738030180
0.8267416972 0.5202741976
0.6904765500 0.2482615740
0.0510496753 0.0192718806
0.1225202371 0.5126811051
0.9905687639 0.7999146333
0.1711574040 0.1163819385
0.0673974197 0.8936128034
0.2624894185 0.9899030470
0.5023011170 0.1131232835
0.1815657172 0.4571926820
0.5133763788 0.1394530610
0.0194858772 0.9522572982
0.7012770375 0.6565625627
0.8324520849 0.8420251294
0.7965888215 0.5836004256
0.5242759203 0.3294961357
0.4547258439 0.3935572464
0.1119863834 0.3835383748
0.1628616504 0.8265816906
0.3282715943 0.1901299499
0.7250422398 0.1927394096
0.1908622687 0.9045709501
0.7781922960 0.2494469652
0.1784310949 0.7429364159
0.9428517982 0.9178981252
0.8923095668 0.8783573381
0.3446407645 0.8858401123
0.3022363512 0.9487676663
0.5248639432 0.8386295637
0.6496763497 0.8402883774
0.4183973808 0.9413215042
0.4891954815 0.1600168690
0.3504670027 0.1539381503
0.6096962727 0.1726051033
0.4835686630 0.7020693357
0.2606928016 0.6342061470
0.8001082113 0.2121892976
0.1099650860 0.7883282437
0.2974575564 0.5215789647
0.9560419320 0.8188483442
0.7206095063 0.5286226666
0.0577489811 0.4613542431
0.5132092487 0.5205526131
0.4999982946 0.9801932178
0.7083738974 0.1306215618
0.5610382918 0.7349661521
0.9806072031 0.6502557782
0.3616544664 0.0492157434
0.0404175664 0.2935823946
0.7740045633 0.0567683944
0.0980594785 0.0931417781
0.7669680643 0.8397030346
0.2220423584 0.2172726465
0.6469999691 0.5668218160
0.9427433642 0.5295270835
0.2476360574 0.8941308794
0.0424593151 0.6105475082
0.9271416175 0.6949185197
0.2058671189 0.3992593374
0.7057209976 0.1858970746
0.7885171562 0.7624167903
0.8390876814 0.2896496865
0.5908407362 0.3558805212
0.3525178704 0.4856074290
0.8345119856 0.9284602246
0.8416822325 0.7037471736
0.9123227706 0.3808977673
0.5226648004 0.8974878115
0.8900836795 0.2309668384
0.2648995234 0.3038229621
0.3763963501 0.4020268120
0.6247712795 0.0034406156
0.7576688857 0.9410005479
0.5860037596 0.2767690364
0.0335900589 0.2113926906
0.6272244981 0.5134146357
0.7282741025 0.7551299874
0.3315901355 0.6036264094
0.4334858803 0.5403915524
0.9182738800 0.3084403460
0.0015131540 0.3847932050
0.8235687960 0.0841009686
0.5690287968 0.0457036521
0.0682842975 0.1153626708
0.4525960667 0.6526607407
0.6154440691 0.9078042550
0.0810868224 0.1618944901
0.6261094705 0.6644802175
0.2968402268 0.6037528059
0.8128753864 0.3823776494
0.2050631320 0.0152649564
0.3706843499 0.2685082439
0.9066597757 0.3440534245
0.7862665960 0.0085958160
0.5655984816 0.6545335730
0.2505846496 0.4985009104
0.6507667768 0.0713163947
0.6504886264 0.4324929507
0.4299510467 0.9904142589
0.7104226852 0.4673277050
0.6226906111 0.5621479514
0.5640004817 0.8721660312
0.1946633992 0.5441441425
0.5679386083 0.7626327760
0.3953147905 0.5323666631
0.8900740148 0.5887121223
0.1875289254 0.6452038556
0.7502370119 0.5974190013
0.7628949959 0.3556968327
0.5504898273 0.0007934850
0.4286671106 0.7368369977
0.1100360777 0.5355030198
0.7324727538 0.9349949605
0.7436658875 0.7162675679
0.3116804799 0.7395229801
0.1618698406 0.6852149747
0.1201950889 0.2880554485
0.0070389537 0.1072916562
0.2424886596 0.7584829958
0.7256696103 0.8408832071
0.9960238173 0.3332197365
0.2839257059 0.0645924966
0.9236816629 0.0593399648
0.4906049866 0.5016887787
0.1266841498 0.3560256418
0.7494929620 0.5962853972
0.8814643913 0.0163530663
0.6742718438 0.9896302830
0.1311438651 0.1849335990
0.1835631192 0.2780583443
0.5959508679 0.1454405768
0.0219085667 0.7529035879
0.6329697987 0.7816089479
0.8470191864 0.4488161363
0.5961136514 0.2958374694
0.6806516863 0.9146959628
0.2763420831 0.6955835894
0.5570245023 0.5114450989
0.1822793274 0.9608790354
0.4664592912 0.0615309158
0.2837073474 0.4277813140
0.6526417368 0.7100212080
0.2584110041 0.1913967704
0.5339796968 0.5984511464
0.4501963441 0.9018625307
0.1402373758 0.5947029498
0.3728555360 0.3445347838
0.4527825341 0.3592086254
0.1071060249 0.2606463768
0.0902949345 0.6515069420
0.9754799507 0.6984636016
0.3458849373 0.2434889112
0.3651830042 0.6329128062
0.4627197968 0.6086187912
0.4809600441 0.7908169908
0.0795145721 0.7148328610
0.2095464354 0.0706514082
0.1025737972 0.9411134646
0.8923611572 0.7989511660
0.8954920724 0.6407746906
0.6595451077 0.3665433623
0.8732698704 0.7398731087
0.3153341823 0.8087244444
0.5099751343 0.2444665740
0.2159798471 0.3643293964
0.8895565366 0.4336401357
0.1193568750 0.0146738933
0.4321887947 0.8306862183
0.0525361408 0.8153387141
0.4105980874 0.7192212436
0.6061190060 0.4286430775
0.9817892656 0.0116881362
0.2998414461 0.3125711922
0.2585753753 0.1386810253
0.9485908914 0.2572410944
0.0294036503 0.5250267046
0.8429929921 0.6298603010
0.8767762858 0.9621169129
0.2946051997 0.4105814658
0.8447327636 0.1522735661
0.9508646957 0.4535041199
0.3638244566 0.0797873217
0.9726013774 0.1856707429
0.7674027246 0.4343160479
0.3684650834 0.8155646820
0.7272702139 0.0652328927
0.9541168725 0.1004851066
0.5037517044 0.4134039962
0.0719445828 0.4323806284
0.6420521339 0.2470819276
0.9731207408 0.9050047928
0.0028818303 0.5027980390
0.8781280061 0.1141131842
0.4574766631 0.2557333926
0.2386947073 0.8097623478
0.1557995390 0.8616190999
0.4147257276 0.1401119343
