0.8781032093 0.4408843762
0.5719977183 0.1705741030
0.9468382366 0.4115795290
0.3388574703 0.6562034886
0.8153916274 0.4640508707
0.7270208330 0.8932939285
0.9278403658 0.8556767421
0.2371098379 0.8690729250
0.9844692668 0.7948644105
0.8564876643 0.8694959366
0.7477708339 0.8298686814
0.8566948579 0.4011748259
0.9429272447 0.7489390356
0.4487300425 0.9992288900
0.8647232826 0.1775947848
0.2291910964 0.4018014280
0.6721246875 0.8281876829
0.4454992316 0.5038905976
0.5944627543 0.7913726244
0.2004209877 0.3503463592
0.2692251042 0.7894346517
0.0537283415 0.9449845156
0.3379108567 0.9014802357
0.6047398265 0.7656409391
0.7102771868 0.3344097178
0.3035934719 0.2011051462
0.4605457027 0.0814853515
0.7373369462 0.9978732454
0.7465019703 0.5545915607
0.3216754240 0.0354899598
0.3949867058 0.8280037754
0.8816609278 0.7706646982
0.6133617572 0.0927280052
0.7762834296 0.9779461821
0.7986414397 0.1228444444
0.9418490905 0.0364988084
0.4292545196 0.7585967036
0.5563270311 0.4603356854
0.7643307790 0.1544479291
0.3683310509 0.5289630198
0.1389628401 0.8101147401
0.5638628444 0.0482307622
0.3857688277 0.4215062024
0.1381439449 0.3433361941
0.7519619068 0.4737941667
0.9762825429 0.6783265023
0.7766152877 0.7478932967
0.0158908773 0.9836794041
0.2585082181 0.2500671825
0.8760523950 0.9291322401
0.0739943978 0.2801313140
0.5332410404 0.5029124822
0.5476390729 0.8160149116
0.4043641121 0.6582991231
0.6640473378 0.4595325325
0.1455855109 0.0779602184
0.0758279562 0.5030226124
0.5095865470 0.8606474653
0.6543919235 0.9149948666
0.1130099888 0.9963922450
0.9740077351 0.5764637559
0.8655530067 0.5656829547
0.7149990991 0.1866906071
0.0801800068 0.8774043258
0.3243474227 0.3096114506
0.7872493484 0.3543377619
0.7616537940 0.6675550285
0.8353397322 0.2615510918
0.8877943949 0.1171452011
0.6030464964 0.2070299152
0.1619127028 0.7471853042
0.2057466131 0.7226953381
0.5339664968 0.1113335347
0.7074202349 0.7576387726
0.7644005325 0.2748595973
0.8130231405 0.0394423440
0.5015035643 0.9460141009
0.2701354842 0.6331176623
0.0472283616 0.0230913873
0.2700608178 0.7176112770
0.0128728621 0.7198490896
0.1468256235 0.6465263999
0.4864158372 0.2901038487
0.0332643893 0.4506378966
0.8180924061 0.2028517160
0.1472836668 0.3843441586
0.6936362968 0.5826296204
0.4719683325 0.2179106270
0.8487951114 0.3137120244
0.0185390721 0.3118999732
0.1170397890 0.2086386427
0.1884335424 0.2318376012
0.2747883965 0.9845005611
0.3993130523 0.9498407244
0.5782448794 0.7052525604
0.2356609064 0.1564200457
0.8735306786 0.0901212203
0.1772880369 0.5612917871
0.0093662929 0.3717064560
0.3523299238 0.0843073566
0.8531398939 0.6875272003
0.2004731850 0.0825903154
0.0441183191 0.1405978991
0.7099764928 0.0629680816
0.0601811034 0.6485472835
0.4166722548 0.8884654030
0.1906617096 0.9840583473
0.3370299724 0.7443476659
0.9762946272 0.1434276429
0.2453139448 0.0549935385
0.0693341373 0.8221729441
0.9207073210 0.2109823086
0.9799821878 0.5080440317
0.1290366205 0.4525930883
0.6947909202 0.6338143479
0.9669240263 0.0774784850
0.0780675128 0.5418562878
0.4082928678 0.0349311815
0.2654834393 0.4597755969
0.5615375416 0.2994179203
0.5032486850 0.3688698017
0.0184670990 0.5828325765
0.3404291002 0.2763781186
0.2259455838 0.9207408450
0.7496068562 0.3950151835
0.6067981791 0.5614273256
0.0697618609 0.3977418574
0.7890114608 0.8444041855
0.4117667435 0.2895834964
0.4171910160 0.3831538788
0.8137599596 0.6566226577
0.2833617022 0.5303520776
0.9594395150 0.9399642146
0.9520313374 0.4340791200
0.5076800230 0.0068767146
0.4519162618 0.1396551075
0.2888825384 0.9833025856
0.4836950680 0.7058320433
0.8285308763 0.9535645412
0.6973470194 0.0622262390
0.3620526312 0.7147653367
0.2261126252 0.2737687003
0.2408202638 0.5456915083
0.1686347762 0.8261427325
0.6778315408 0.2039594930
0.1271110840 0.7137705949
0.0906596860 0.1421500883
0.5098753480 0.7331535916
0.1328611228 0.9445839629
0.8224184488 0.7647918256
0.5988309645 0.2578248788
0.1899453483 0.4887152156
0.2035076008 0.6327315054
0.6727690076 0.7066204748
0.8867521739 0.9868149571
0.4513259367 0.6410854206
0.9334668954 0.6384612066
0.3002398747 0.9020767895
0.5566371838 0.6427474686
0.0128769594 0.2242084784
0.0119458139 0.2228557131
0.8750818340 0.5183977818
0.7962628157 0.5630739974
0.3050299672 0.3951451889
0.4122106815 0.5593536662
0.6108552112 0.4048752796
0.3491727525 0.1246550261
0.3043540245 0.3649577504
0.5761106243 0.6038145324
0.7046524696 0.9455201752
0.4463238261 0.8705927695
0.3463884769 0.8173512046
0.6142898990 0.8698908690
0.4797188237 0.4678993815
0.0756689508 0.0700033345
0.1148037314 0.5917224749
0.6565448524 0.6665412506
0.6446455473 0.1092737304
0.9550823259 0.2905031128
0.5741347167 0.9396775018
0.8795188528 0.6149715867
0.6112317238 0.3307305589
0.9877865257 0.8153761973
0.9149729109 0.3244660682
0.6845477561 0.5090590685
0.4967260596 0.5854406081
0.3389500142 0.5850457776
0.4745689619 0.2598460949
0.0661925949 0.7113054790
0.9959547301 0.8921756429
0.6239345985 0.9917034374
0.4932643919 0.1680331638
0.2839994373 0.1054350660
0.3784033899 0.2218421189
0.7099378874 0.4009500664
0.1380856888 0.2698557038
0.6056172414 0.4856438538
0.3351613025 0.4733893240
0.6709187332 0.3038584195
0.5191450338 0.3884696154
