0.4594715893 0.3790561784
0.7442660507 0.7011424851
0.2835809477 0.5481969537
0.6822938781 0.5807870477
0.8303238407 0.4248079048
0.3514868497 0.6207023174
0.3834097054 0.4552480128
0.0516112592 0.6109569021
0.0167115632 0.8279673426
0.9738065557 0.3970569495
0.8326618904 0.8874756509
0.4749816413 0.5082773356
0.7952670092 0.0055986263
0.3795487081 0.5779044559
0.2251059973 0.9777547996
0.5515956379 0.6234353687
0.9607205296 0.1304508931
0.6455604886 0.3442495291
0.9057736260 0.8289236687
0.9070778451 0.1873584741
0.6375217046 0.0865860608
0.2151332309 0.1885746642
0.1875275111 0.3468941286
0.9922811352 0.1054288479
0.3386680106 0.4081171632
0.8659775818 0.4408018993
0.6943781793 0.4482330402
0.3149499756 0.1671839729
0.2255703510 0.5146453787
0.5664558485 0.7292828105
0.2435262369 0.3710035568
0.2464978384 0.2287543790
0.2120702486 0.4348402960
0.2628490315 0.8518327569
0.3775551038 0.6742341354
0.9437551466 0.6490468822
0.7760904763 0.4741599167
0.5858047374 0.8251899917
0.4250814123 0.8433764279
0.6951431267 0.3869621348
0.6526145595 0.6158345473
0.0003666034 0.4000277783
0.0003931764 0.5397437090
0.4878768210 0.8089509967
0.7348262928 0.5784925418
0.6499852369 0.7121521970
0.6695537295 0.2048420319
0.4405631434 0.4161774711
0.0404998182 0.3055905217
0.7064116274 0.7792484932
0.3652938553 0.2810376045
0.0281109196 0.6961449867
0.1771065475 0.4323146817
0.6856295987 0.9786796621
0.3352609319 0.9151300900
0.6862667540 0.8698739711
0.3360474766 0.0064457970
0.0665336784 0.0292590836
0.3734850039 0.7286985011
0.1077040530 0.2755056717
0.3930711091 0.9611493291
0.4126685546 0.0507918349
0.9372076293 0.5161921357
0.8901346944 0.4886335324
0.5182789447 0.3706459676
0.6141899832 0.4323095518
0.4027950452 0.8760019546
0.6085254580 0.0125212011
0.5805754355 0.3951150575
0.6083055110 0.1335575720
0.4230319866 0.7654230198
0.0959609649 0.4894241123
0.7978435759 0.2179927862
0.8255078606 0.8041722578
0.3069700870 0.2335772155
0.9290806140 0.8947461889
0.2026556483 0.5660195859
0.4716572125 0.5725102157
0.9501183991 0.9847947898
0.7546494086 0.0760154300
0.9298473039 0.3670086561
0.5323116976 0.8910643736
0.4829810222 0.8948427982
0.3054051251 0.0364443423
0.9993455722 0.4694964418
0.8211503894 0.5694297948
0.0530462890 0.5218607709
0.3765533224 0.0497637695
0.7392984867 0.2881627266
0.7353264322 0.6762983698
0.8565362242 0.3653847732
0.9874319373 0.5932067323
0.1173773899 0.9762577482
0.8606956189 0.9860403247
0.8467773769 0.3017786795
0.3982057935 0.1298731028
0.5355628273 0.7865493575
0.2898653216 0.6565802310
0.2820413524 0.4828038708
0.4721326354 0.6881058734
0.2243541962 0.7635303334
0.5933944855 0.4911884792
0.6213735780 0.6848415306
0.1343062352 0.2335219881
0.8403659259 0.1301351507
0.6962937091 0.0379099698
0.0615562640 0.2129727759
0.1066499959 0.7873307683
0.8220664548 0.1654864436
0.6604723964 0.7533092707
0.5796747164 0.9212992738
0.9204165785 0.7363617060
0.7213116944 0.5094815856
0.2514769175 0.6218584420
0.6010980967 0.5643905130
0.1910299515 0.8826142286
0.9016844516 0.1088253979
0.6210081695 0.4620467579
0.5533348140 0.0485943158
0.3813283063 0.5488255886
0.0663907440 0.1923183105
0.3111357031 0.1800724570
0.5130533231 0.1881359315
0.0160954906 0.9413056254
0.8098818399 0.6388105411
0.4583702645 0.1883492569
0.7644199792 0.8231737449
0.7003903034 0.1488180303
0.7826150128 0.9198176579
0.8947138261 0.8112086063
0.1580661506 0.1129630012
0.9929862923 0.7946563362
0.1137145359 0.8617135688
0.7942720528 0.7513151205
0.6404950941 0.8283121472
0.8111861419 0.2462979199
0.5197936623 0.2455093022
0.5514922070 0.9781209992
0.5286003748 0.6642453440
0.9032549994 0.9369103351
0.4908040672 0.0658607359
0.4420444255 0.6362992598
0.2629795487 0.9082342635
0.8167818726 0.5295247351
0.1076956658 0.3304818400
0.5619058453 0.3055815512
0.4549844121 0.1607124969
0.6312404273 0.9315388769
0.7396875401 0.1906184946
0.1361099425 0.1646683206
0.3877421858 0.2263287531
0.2767480593 0.7359492751
0.2598445250 0.0976150516
0.7066299035 0.2448861366
0.9732451855 0.7309276795
0.8564891384 0.7305245951
0.9399313934 0.0542540467
0.5131093745 0.4506819493
0.0221218688 0.0049300853
0.2601598787 0.9812652725
0.0360437694 0.9004050589
0.0611178491 0.6579160341
0.7210691817 0.9182030637
0.3521422831 0.8046442120
0.7310302117 0.3883423894
0.5906904757 0.2728960819
0.7704281518 0.9954339842
0.0558034556 0.4031803888
0.0854174652 0.1079051507
0.8968637358 0.2491258526
0.2680803440 0.6871908760
0.2048197361 0.0417836865
0.4330684305 0.9847149694
0.1856101864 0.7114971836
0.1930848666 0.2497649762
0.3875862100 0.3370317845
0.1333096100 0.9565343712
0.1082574933 0.5425434886
0.9869212292 0.2459278510
0.9824032116 0.1769165909
0.0927968099 0.7402369104
0.1594064101 0.0485173495
0.5249672447 0.5395046515
0.3881514882 0.4745009960
0.4606994975 0.2899871753
0.1249615364 0.4155941772
0.8927390608 0.5784455136
0.1557811896 0.5985194990
0.1799930751 0.7944173404
0.2913690994 0.8204399198
0.8068931112 0.3786206012
0.0680984603 0.8560012316
0.1622736113 0.6774522857
0.6199290343 0.2043889016
0.4928721062 0.9762765938
0.8638420983 0.0631530160
0.2822841992 0.3060934764
0.8693793688 0.6453838919
0.2929115390 0.4078916713
0.5557584766 0.1327416304
