0.7312138978 0.9630753705
0.7368984381 0.4985156691
0.6098080926 0.5466600512
0.4384281284 0.0443351441
0.9196874373 0.0008800993
0.7995808972 0.6209177384
0.7772144620 0.0149880105
0.1641444818 0.9985976419
0.1903282461 0.7895239621
0.4128419679 0.3958028479
0.6352757399 0.6700936340
0.9245798147 0.9369286042
0.2720842595 0.8310430835
0.9491271057 0.0802317855
0.0150001728 0.1028662229
0.1726203861 0.7595162839
0.1586997526 0.9338866767
0.8862750547 0.5600125198
0.8506170626 0.6857177273
0.9016351938 0.1445591978
0.7947292906 0.5419591227
0.2700719745 0.0423391732
0.7070968077 0.8105737247
0.0642738941 0.3398208056
0.0876176277 0.2315999747
0.7744939211 0.1335210654
0.6420836532 0.6644711411
0.4742449648 0.5631507703
0.1642418354 0.2201653807
0.9541933258 0.8478491362
0.5775406149 0.7138634891
0.0649044073 0.3162411919
0.9369903479 0.2099373675
0.9951590880 0.3650732390
0.6432628798 0.3842326809
0.8965331855 0.4749658002
0.1465907330 0.2986878688
0.5803064256 0.2946058925
0.2566085366 0.7215027271
0.4651105743 0.9703401480
0.5605187587 0.4094136895
0.5042292565 0.2698440625
0.8976794657 0.4105490498
0.8101115835 0.7315573125
0.3588520971 0.9162416065
0.6968706453 0.9499314018
0.3792725058 0.2026635310
0.6173192064 0.9640100509
0.0506705591 0.2208812300
0.6083375877 0.1959817986
0.3034740379 0.3641670109
0.3202120537 0.4493745783
0.1624325013 0.6859125146
0.1070219476 0.0491023026
0.9767177574 0.3927164978
0.1096561785 0.0449870396
0.7947895263 0.1815966256
0.8543919792 0.9575901782
0.5563211164 0.3445039981
0.2364382676 0.2540814882
0.4079987818 0.8071541122
0.6754037504 0.2404250810
0.7180834836 0.3148459423
0.0232124213 0.7863568299
0.5349452687 0.2195067164
0.5061855028 0.3639922536
0.7719467713 0.6878415079
0.6246231417 0.4474936682
0.1624821564 0.4167628328
0.8787658948 0.3145712456
0.2350608314 0.3015899417
0.3183247116 0.5386978469
0.1657470451 0.4631944139
0.7592924501 0.8520981415
0.2754244488 0.6312787298
0.5149677343 0.0240776029
0.0612650225 0.7347163594
0.8559775968 0.5858923024
0.4399707129 0.9723638056
0.9438786623 0.7219700608
0.2006566904 0.1824239748
0.5388731150 0.0796768771
0.6617479357 0.7437972823
0.1182254383 0.1422529259
0.3118417457 0.1492779053
0.3124994083 0.7024834171
0.5019430452 0.6918888555
0.2937364032 0.9720617139
0.1139546814 0.6951120146
0.9495321186 0.5290926176
0.1167730022 0.5569847821
0.5599647152 0.8066115724
0.4088444446 0.9209029345
0.9961780417 0.2251811025
0.3726159921 0.2618815912
0.7456887657 0.8880166642
0.8345722621 0.4854919972
0.5818410625 0.9946622253
0.4222671019 0.1623520333
0.7609548188 0.2202586999
0.1367394534 0.6024771421
0.0247344628 0.5038761244
0.6025397358 0.7872174726
0.7633232244 0.2445731444
0.1677177864 0.1019265483
0.2535991609 0.1928598536
0.7593036144 0.1087207072
0.2929570886 0.8050529608
0.9973398755 0.0021773653
0.8203679936 0.8864966675
0.2036446013 0.3426650998
0.9202140824 0.7735364722
0.8160356111 0.4044860630
0.4034201261 0.6987898028
0.9099335563 0.0302332078
0.6282622209 0.0650711294
0.4407976780 0.3440217056
0.5906771601 0.8727254285
0.5379643947 0.5077337828
0.7661518616 0.7918216401
0.9843526178 0.2996960489
0.0120857003 0.8861888701
0.4702143969 0.4891013446
0.0442964666 0.1371508357
0.0957131203 0.4124002992
0.8087178017 0.2898469838
0.7602476899 0.3874849888
0.2362569625 0.5336255302
0.8657508365 0.8776659772
0.4491288139 0.6233494988
0.6869503247 0.5562670578
0.9215624529 0.2547640374
0.8068328633 0.3512934811
0.6895801209 0.4093804706
0.6365026486 0.8685044133
0.3518280489 0.4998193649
0.9267922879 0.8173090633
0.7035864628 0.0870832917
0.4443421277 0.2633387889
0.2279344736 0.4008780056
0.5370394083 0.4440104188
0.3313400890 0.6270631916
0.0777120574 0.0400451096
0.6604489514 0.2992262456
0.5715547352 0.5293663040
0.0235336811 0.7019793854
0.2153015730 0.9357364740
0.6572554193 0.5651201451
0.2331298484 0.4753409443
0.4823502157 0.8539522430
0.2377558823 0.0922489703
0.4740996674 0.8942135368
0.0757529398 0.8468355897
0.4111456412 0.7021089572
0.5232788036 0.6348471605
0.3258587600 0.2095405641
0.2297118346 0.5972664375
0.2469907321 0.9148488387
0.1216346778 0.9191649204
0.8984866750 0.3375125392
0.0770161986 0.4639528346
0.5882358886 0.1806883848
0.6735455927 0.0361159552
0.1229390205 0.5120881844
0.7941497747 0.0104690485
0.3395087601 0.3230401223
0.3634836969 0.3431202772
0.3136477777 0.0510747459
0.1865106410 0.6390411254
0.9854870908 0.5758245794
0.3919874096 0.5124813797
0.9769648641 0.4654968630
0.7250662822 0.4557859853
0.3633086066 0.6000780383
0.8555914505 0.1706176914
0.0591980645 0.9532907676
0.3962185360 0.4357504956
0.5397013655 0.1042880672
0.7321194003 0.5959954893
0.9444743069 0.6401126259
0.3268823458 0.8657024263
0.0126119332 0.6405179561
0.5572896937 0.6131026495
0.6584461244 0.1306249067
0.4737819591 0.7548327274
0.4803797248 0.7892088363
0.3707530323 0.1043876593
0.3490836083 0.7719976541
0.3523599445 0.0556351471
0.1151121348 0.8086713970
0.0620182074 0.6022624149
0.1823753502 0.8492935761
0.8406335741 0.7970215253
0.8960212601 0.6681897864
0.4582164287 0.1184248599
0.8732638338 0.0723048696
0.0024184189 0.9109887870
0.5407508191 0.9112708749
0.7234560384 0.7232625942
0.5282941569 0.1485552695
