0.6935881397 0.4657314284
0.6516588096 0.1753156090
0.1776195549 0.7478169815
0.7976665598 0.7124539702
0.0303779777 0.5398196104
0.3746818450 0.5652230153
0.5853886892 0.0149365051
0.5221412068 0.1866985370
0.1078336222 0.0854488279
0.7997331439 0.5092101565
0.7284989042 0.0918440261
0.2015423271 0.8743258079
0.1283852241 0.9288749835
0.5542487139 0.1161275082
0.0013159663 0.7477190279
0.2415178022 0.4859964330
0.3377631300 0.8448555767
0.1733255001 0.3944057192
0.3965791728 0.7433278623
0.8030467550 0.0500389405
0.5556886549 0.8977844411
0.5363733832 0.6796025874
0.9347823231 0.1343072047
0.0170122313 0.8896664265
0.7514118067 0.3904299516
0.3784589189 0.6491118186
0.7377998747 0.1174003637
0.8568110429 0.6493752704
0.1890172657 0.9989136890
0.1811444363 0.1310314794
0.5811167429 0.5540568546
0.0419571236 0.2668589891
0.5510108887 0.6858743316
0.6400450895 0.0749446800
0.3341351491 0.5278225209
0.6030952471 0.2948862588
0.9808172460 0.0775034396
0.0995352070 0.1887538785
0.9666026548 0.2233313422
0.9930340385 0.3695241956
0.0422142253 0.4459855007
0.8676994134 0.4851776950
0.5647408425 0.7874608622
0.9842262798 0.9257381299
0.0297339652 0.7941899263
0.0724062514 0.6194779165
0.3694706838 0.3779059383
0.3284077569 0.7166376301
0.3933533045 0.4536915204
0.2916136922 0.8840603802
0.8508481868 0.9926188794
0.2542918722 0.1592797952
0.1671552650 0.4787081007
0.9702080502 0.3070684384
0.5558004517 0.8775593368
0.7085272110 0.0461359214
0.7679975006 0.6441648974
0.7981467100 0.5704409581
0.5901269993 0.5978626352
0.8710554967 0.9210974975
0.4567344082 0.6590086442
0.5423984597 0.2365303097
0.1025848711 0.3118732207
0.4796592416 0.7344200043
0.2279871782 0.4150582427
0.7295583345 0.6484361091
0.1807710432 0.5407873646
0.1316542221 0.6629386233
0.4962597825 0.4136185660
0.5044715471 0.4498586354
0.1814820200 0.3099169817
0.2365166485 0.7891412854
0.8017302998 0.7318224443
0.2810960944 0.7868047391
0.1297367601 0.8278120709
0.1349459442 0.1482807103
0.3806643378 0.2548956592
0.5191486814 0.6012449621
0.0455104805 0.0162133259
0.8870764242 0.5499529255
0.7684342630 0.4684900125
0.2279174206 0.3015308338
0.7162043680 0.2299216783
0.8293948496 0.8477921563
0.3950547515 0.1553299320
0.1948775402 0.5953527115
0.4695874303 0.9674750105
0.2556923063 0.0482509893
0.9370422179 0.5016668340
0.3841956575 0.8137996183
0.2298767003 0.6495296411
0.4432051471 0.1402258606
0.9380094191 0.2898884510
0.5101339624 0.8279209517
0.1717371091 0.9414900393
0.4566030195 0.0189261131
0.2921751863 0.5206248284
0.2936107193 0.3380804111
0.3242786372 0.9089237757
0.6253170479 0.6425641426
0.8107926717 0.5823149149
0.1359144279 0.4320916643
0.6111679409 0.3551455069
0.4382513452 0.8542680924
0.4714031562 0.0790368079
0.6363943527 0.2304286993
0.6257946141 0.9399694585
0.4081145148 0.1967162356
0.7907079955 0.3071273448
0.2825542266 0.5945251016
0.6170895331 0.1305362513
0.3965166938 0.0694577795
0.9867076578 0.6232849896
0.6404102421 0.5224813083
0.7153536622 0.8582987678
0.8892161478 0.8556674271
0.7826061885 0.1531619112
0.8538821028 0.7746632298
0.2362442968 0.2031095529
0.1979078526 0.8375373529
0.0758617250 0.8792570653
0.5981255121 0.7768405897
0.8806585059 0.0341487371
0.3116283175 0.2012859292
0.0970341914 0.7789805763
0.9150945864 0.0240221210
0.9331400998 0.6716900484
0.3348224392 0.2145353972
0.5291688207 0.9761698339
0.7095256018 0.7397769853
0.3202800437 0.0290264877
0.7705983517 0.9892106267
0.3668756775 0.9630274720
0.6685825564 0.9537931482
0.6648025849 0.6754571372
0.4617398464 0.5703367849
0.0238959296 0.6558221874
0.0156023746 0.9460047971
0.8606050598 0.2793357092
0.7322508394 0.9181443371
0.8682787409 0.1392998444
0.7168318143 0.4037153619
0.6205216898 0.3958659153
0.9335621073 0.9646196279
0.5365120159 0.3225289157
0.9231355177 0.7322051550
0.7407332294 0.2738758059
0.4510296572 0.3409650376
0.5807090110 0.4453640547
0.4474341898 0.9243824852
0.9611061201 0.8235650999
0.0791492003 0.2731552661
0.6283421749 0.0198776036
0.2574183224 0.6753867741
0.7506270352 0.7862665587
0.8956085790 0.3475681398
0.9265320284 0.8249716004
0.0590364865 0.0936950267
0.6561393196 0.7589837291
0.3011076677 0.3808922853
0.1171127342 0.5812647276
0.7937978961 0.2065582312
0.3019303389 0.0974005295
0.1883142362 0.0795629385
0.7859508113 0.8469792218
0.1060123764 0.5010793433
0.2641459244 0.2500950016
0.8176420779 0.3503406260
0.3257315977 0.7051479032
0.4070449213 0.3717071541
0.0008787486 0.1321563761
0.4238784379 0.4992981375
0.9827521957 0.4225422346
0.1206528865 0.0111216211
0.4993666045 0.2849574929
0.9253904890 0.3941074244
0.3643120275 0.9862440798
0.2950960174 0.4558789459
0.6888382052 0.3440551310
0.7926991181 0.9559317443
0.7096088453 0.5786974724
0.9325473454 0.6109599781
0.0198086722 0.2024495447
0.0781474349 0.4425415262
0.4667883677 0.7900606545
0.9028820999 0.1953662438
0.0728743323 0.7180144199
0.4372440478 0.2646664504
0.5215093735 0.0859863322
0.6559581556 0.5177099855
0.0303283814 0.5491528100
0.6277781634 0.2822837241
0.6314547790 0.8377980174
0.1576073089 0.2309852668
0.8418879524 0.4346729288
0.8534822345 0.2307539924
0.3938828516 0.6107931148
0.4809870323 0.4854788262
0.2452434828 0.9477769339
0.1699474564 0.7214657641
