0.9031816869 0.9596198406
0.0829516868 0.9739363785
0.2335237888 0.5473176091
0.6730139359 0.3404058928
0.8413287933 0.4185410569
0.4740575108 0.5446490986
0.8168493066 0.3952563671
0.0799020762 0.4750909599
0.7601440776 0.3163190484
0.6885867765 0.0818931283
0.7137999617 0.3893116734
0.4892111317 0.2352309628
0.8626899345 0.3636757859
0.1395142667 0.6744276251
0.2048125052 0.2993064366
0.4463159634 0.7508740454
0.5695299025 0.2243052620
0.0831546618 0.2740825853
0.4105571213 0.1692968750
0.5937438228 0.6642846803
0.6254812919 0.0004991897
0.9484086467 0.3207681480
0.5084506218 0.6292050315
0.1586230037 0.3986214260
0.1813514536 0.2908927225
0.0641032806 0.1952509230
0.8008420501 0.9679207318
0.4278335816 0.1108825357
0.7759293403 0.1320145940
0.9979768177 0.4214219494
0.3375093126 0.7006027988
0.4139923460 0.8894919236
0.0681955482 0.3247902630
0.1375396100 0.7781946398
0.3635621686 0.6007803848
0.8613054197 0.6552689116
0.7622154413 0.3186755190
0.9318444321 0.3819247681
0.8117885533 0.8639167261
0.3905014432 0.6835647929
0.9807487363 0.5506909818
0.4313314787 0.9406109239
0.9150723675 0.2671762464
0.5522826031 0.5161588430
0.5347735688 0.1131628596
0.8412362865 0.1112993955
0.4997971072 0.0289338620
0.9022842764 0.5070624607
0.8824516131 0.7719551869
0.8578680642 0.1739386813
0.3438076278 0.0722871494
0.1741703613 0.9765293273
0.3572859215 0.5917445380
0.7141270265 0.8047578021
0.7463426255 0.7153650104
0.4602654176 0.6980492367
0.9367572996 0.7977133435
0.5465401040 0.3789531712
0.3667936218 0.2938406331
0.3349988254 0.5029312936
0.3440511691 0.3413163215
0.9612471328 0.7220893702
0.5617262775 0.7346233282
0.2600090700 0.7855570849
0.1627982500 0.0631314206
0.1431255221 0.4756443000
0.6573122609 0.6622789465
0.1488808616 0.7122228984
0.6171165363 0.4900244409
0.6270362652 0.0520026579
0.7367465100 0.4677155703
0.0698186347 0.2346281299
0.8001216968 0.0102346146
0.5508399838 0.4027899751
0.2097264706 0.7354627917
0.3194747157 0.3897759586
0.9913811936 0.9485488425
0.8722409094 0.5456913796
0.4423331533 0.4322803325
0.2647822927 0.8653305562
0.1214234026 0.1646280647
0.6076631669 0.1373243776
0.4578791536 0.8081378890
0.3244004389 0.9551058361
0.5291120758 0.7259592357
0.3477143852 0.1006968413
0.6070184009 0.9176443071
0.4554090022 0.8465771815
0.0242480220 0.3621495737
0.4424154994 0.6204168410
0.5570525553 0.2941290454
0.9312869656 0.1875106788
0.2372231482 0.9089782691
0.6767452507 0.4577997760
0.2333031910 0.2207012745
0.9515739086 0.8474579909
0.2495101452 0.6397640361
0.0889637623 0.6219390789
0.6219356576 0.7916422365
0.1054620575 0.9937007534
0.8158848374 0.2356298593
0.6480059110 0.9384991982
0.5485158000 0.6101675027
0.7071267957 0.2587017647
0.0015214222 0.2898818594
0.4605086179 0.0993282191
0.6383641393 0.8575961056
0.1420123935 0.9048889132
0.8253405973 0.9223526919
0.3728502262 0.2337912098
0.7551017806 0.1436508710
0.2315068529 0.9662098080
0.2571290144 0.3518419721
0.4431668445 0.9844440986
0.1551849212 0.3644346601
0.4179771197 0.5311391321
0.8209944160 0.6109879526
0.0254400100 0.5229460147
0.1895015843 0.1510902113
0.6269230114 0.2365446551
0.0736962758 0.3995189173
0.4651772800 0.2875961485
0.0722998975 0.8495788669
0.8914516055 0.0390012760
0.7410548954 0.6151420910
0.9597301332 0.4761266921
0.8167970250 0.4864679603
0.7596520060 0.8015269115
0.7401799194 0.9279517627
0.2854343616 0.0169708700
0.9037502207 0.6919088125
0.9939228195 0.6138942037
0.9505302220 0.8918987909
0.5250020819 0.9320611061
0.7426272297 0.1987179253
0.7199340195 0.8931883371
0.8217850889 0.7774236279
0.5826613712 0.4723096247
0.7949747695 0.6800692562
0.2701172093 0.2643808321
0.1766614659 0.6240512819
0.6800035611 0.7686962142
0.3702092135 0.0210726220
0.8546832573 0.3049444511
0.8937160582 0.9265652245
0.3018188154 0.1660502763
0.9289052526 0.1933785060
0.6851349518 0.2346689348
0.5935532989 0.5813282352
0.0209371970 0.1516154507
0.5446114524 0.8122318424
0.1507255170 0.5545023208
0.3479170920 0.7655706996
0.5524778111 0.8587903370
0.5108365963 0.4668714758
0.0793607736 0.5494708125
0.2818731781 0.8403694749
0.9355469714 0.6161487121
0.5183275545 0.1939577968
0.5673134839 0.9945513388
0.2550671153 0.1343975357
0.0728543503 0.7107548209
0.2386521147 0.0524044740
0.6937672074 0.6900153796
0.3807656758 0.8549015694
0.2333956014 0.4351152576
0.4933652889 0.0371366717
0.1809422363 0.5284058335
0.8642855185 0.0717763466
0.6854179694 0.5475851384
0.9862161765 0.9653892293
0.3250481479 0.2044037328
0.9687002493 0.1151254569
0.7719724615 0.4967940110
0.8505789989 0.7944382207
0.7011349960 0.1101435498
0.2849259443 0.6525952891
0.1499945215 0.2347921910
0.0258683231 0.6528978169
0.3714417998 0.4606068874
0.2929248067 0.5465822579
0.1256121748 0.8144334372
0.1141897525 0.8851101780
0.7070990321 0.9896253377
0.2736257937 0.7476611000
0.6157320064 0.1704674413
0.0365423552 0.0822436582
0.0365110508 0.8104052469
0.3391176147 0.8982553765
0.0227169338 0.7374420424
0.0348377406 0.0242016523
0.9555855593 0.0579360305
0.6797669334 0.5665179644
0.3988162517 0.4209892609
0.8101871115 0.5683976912
0.1577373245 0.0753362981
0.4267583377 0.3630755850
0.2704295122 0.4595558419
0.6345395591 0.3306664451
0.4764812290 0.3630406970
