0.8523442729 0.2922421050
0.6598329211 0.9640063563
0.3117728260 0.6843613828
0.7835335936 0.6330351201
0.7370933472 0.2064076455
0.3124086355 0.8523117940
0.2707875727 0.0990881580
0.5062188010 0.2597002777
0.5849594188 0.8968824242
0.9619093714 0.1990814354
0.1955874358 0.4256907073
0.4454611420 0.4105715279
0.0397002559 0.2705683489
0.6226320947 0.5971677517
0.5081180154 0.9619741300
0.0321498990 0.9972929570
0.8288321025 0.2387512437
0.8503675261 0.4639014197
0.6062565315 0.2791124034
0.7067519438 0.8730171023
0.5688436119 0.2420912779
0.9357259275 0.4867908146
0.6933201209 0.6885583709
0.8008119856 0.9139704285
0.4114592645 0.6884493560
0.3745715397 0.5695473410
0.9598264611 0.5447054973
0.1533423331 0.8083925183
0.0043805324 0.8141705780
0.2947871923 0.6281558037
0.6197141962 0.5396434474
0.2419789028 0.1005212349
0.1086878169 0.8036186110
0.5424045978 0.8921501866
0.8464378881 0.9811376093
0.0792726776 0.3251668425
0.0279809646 0.5678345084
0.2744940988 0.7332001626
0.5704945399 0.4555832245
0.3685180102 0.3416598699
0.3238517329 0.0140806386
0.7713764905 0.6657134734
0.5455963651 0.5770514333
0.0061443198 0.3607451495
0.0969199801 0.1421640919
0.9541016402 0.7027392339
0.4191364062 0.3365708473
0.0667425624 0.3121407865
0.5617956459 0.9988937696
0.8487120009 0.7028795242
0.4740588561 0.3780358661
0.2621888943 0.2601585397
0.2725640386 0.8187203433
0.2783926538 0.3216452448
0.8520876920 0.5240356885
0.7663037633 0.5080561149
0.2441955984 0.0221748348
0.4950275615 0.5447348308
0.3715967994 0.6763819893
0.8867019620 0.7838142635
0.4373615415 0.1267592521
0.9916742080 0.9365907738
0.9012397935 0.1985276861
0.8609621718 0.4134930561
0.0864527122 0.1565780638
0.7568385121 0.2778874931
0.3720875801 0.1128135102
0.7391968313 0.0409340200
0.0233002647 0.7519278233
0.1499492331 0.6261731721
0.5628282623 0.0835979285
0.8058214532 0.1273645051
0.6617825551 0.9163530149
0.8441181515 0.6047762632
0.6961641574 0.6016185607
0.2803922547 0.5539803867
0.1297167068 0.2697823022
0.2014935758 0.5101353520
0.6663498174 0.6729550446
0.4138201601 0.0208966869
0.6113058325 0.7696222826
0.1194677338 0.4751338971
0.4678092766 0.9660646140
0.3491415593 0.4025572442
0.0414800202 0.0854743785
0.6475681873 0.3966780720
0.5640642010 0.6284846469
0.5169442484 0.2003616811
0.5572720132 0.3271079920
0.9309800252 0.0171530718
0.4801012936 0.7177695678
0.6064285259 0.3849854252
0.0023706280 0.1596795311
0.1032980758 0.3985799594
0.8288809906 0.8343719986
0.7070766867 0.7546297189
0.8736782027 0.8855023946
0.5072129383 0.4638037799
0.2163759769 0.2527966884
0.4287860598 0.4852521205
0.1508060586 0.2011681795
0.7755545304 0.3423868628
0.3330987572 0.2346816563
0.2262284686 0.1951011417
0.1619158180 0.7612267261
0.3334532323 0.8181831549
0.5971647126 0.8725198087
0.6639581332 0.2424353485
0.0474617696 0.8782058791
0.2073004212 0.9792981795
0.9429600042 0.5730406423
0.7654408803 0.8579492648
0.3148200840 0.9390950001
0.2124390145 0.8787328572
0.6680066885 0.3251106664
0.3842019389 0.7894059071
0.6981488687 0.4413335976
0.3226022718 0.4853399125
0.0025618495 0.6547975824
0.7589626046 0.4781158480
0.6166831144 0.1120120422
0.7203596132 0.2025596984
0.9183966218 0.7440173908
0.4199457665 0.8663169954
0.6032526671 0.7072883838
0.0323059575 0.4621304978
0.9340121605 0.8711825318
0.8417205983 0.0890156084
0.7263856848 0.3951221244
0.8583581568 0.6885194856
0.4980963611 0.6444877367
0.7515917676 0.7382812345
0.6178158613 0.8188274936
0.3652821775 0.0592553297
0.9763029086 0.0762322334
0.0775609007 0.6258768513
0.2571100226 0.3837739722
0.9293258001 0.2695853826
0.2060411962 0.5882646113
0.4732194039 0.0783712332
0.7331787717 0.9561386366
0.1844400523 0.3556538558
0.1548829226 0.0195069533
0.8947891719 0.9252085277
0.4827643774 0.1670692527
0.1958853827 0.8896704105
0.0437102023 0.2161811617
0.7735100710 0.0360239618
0.7708945168 0.7933842055
0.2435432194 0.7493359917
0.5358437079 0.0825070644
0.9323272402 0.1104090940
0.9605214160 0.9815394341
0.6704412597 0.0436175833
0.7934104795 0.4229162459
0.6145228783 0.0265820910
0.8332421534 0.3451994630
0.1299625726 0.7000765753
0.4053637591 0.9820405222
0.2958935092 0.1763576453
0.6642198303 0.5147723632
0.1377756609 0.0811801665
0.4027738696 0.5861669595
0.1002189967 0.5727364730
0.0654611814 0.9884958458
0.1756109090 0.3475936741
0.0088059842 0.4132112152
0.2533463224 0.4845520436
0.5103121986 0.7585003445
0.6882885180 0.1157514833
0.4983043572 0.3477739002
0.6254019786 0.1753714397
0.4137031877 0.2700182599
0.4104222526 0.7590867151
0.5824067152 0.4726078210
0.2923896704 0.4459495015
0.1847559868 0.1341490755
0.3728754571 0.2028267338
0.0518162058 0.4970731044
0.8438502809 0.0285022754
0.9531776692 0.3440335138
0.4707129328 0.8482576303
0.0654753689 0.6704194089
0.4379651224 0.2343309040
0.1284340095 0.9239278248
0.4491526884 0.6479733123
0.5365502331 0.7728432561
0.0870992837 0.8290454889
0.1928512388 0.5690740833
0.4341699459 0.9191877170
0.1148199190 0.9508878153
0.7680486963 0.5615989243
0.9715803166 0.8258936845
0.2169368273 0.6663273681
0.9298759054 0.3966325087
0.7979032431 0.1458831553
0.2708975616 0.9355772825
0.8405363891 0.1938368332
0.9321522012 0.6324362609
0.3783348834 0.5026742677
