0.6792504525 0.3620184883
0.1048080543 0.8629657686
0.8274703928 0.8149987777
0.7991599750 0.4998372083
0.6036132086 0.5975339745
0.0098234069 0.3818851869
0.9894337576 0.2901821509
0.1506179238 0.9924840408
0.5199276201 0.5918529643
0.8524251818 0.7228084969
0.2214600625 0.2062028893
0.0109578256 0.1575743786
0.1987674829 0.8997436916
0.4837463140 0.8391164157
0.7649512767 0.5769495992
0.2735520535 0.6365133695
0.4587239931 0.9400652691
0.5640642704 0.6112636788
0.7025362840 0.0835332637
0.1504946324 0.6475371192
0.0956397091 0.9847816106
0.1350499233 0.1445519786
0.9157234339 0.0862211214
0.0785323025 0.3639345611
0.9332895620 0.3451634606
0.2281380064 0.5387620026
0.7182179656 0.7629950846
0.1024931968 0.2180977625
0.3558508062 0.0089427087
0.7347030700 0.9132977752
0.6229227956 0.6762875897
0.4012938987 0.8877909341
0.0542621542 0.6745194966
0.1612216183 0.6073650303
0.7317913421 0.0274976565
0.2154614479 0.3553044641
0.7960449504 0.8300029883
0.8854808985 0.0266978894
0.2583185313 0.9230797970
0.4593665657 0.2566485122
0.3797902390 0.5037615531
0.0460704032 0.4754278262
0.2656758918 0.0599897651
0.3072608310 0.3168504416
0.6182806716 0.2491226503
0.4271932461 0.5698076593
0.5864976702 0.3380895230
0.9145432425 0.6342789015
0.6496501324 0.8371999190
0.5771127660 0.8210753814
0.7322362136 0.1913650162
0.4933858273 0.1365567419
0.6696329837 0.9880003160
0.7159538356 0.6449848926
0.2653772635 0.7566093083
0.6526875049 0.4116898811
0.9272075472 0.5240281881
0.0231925988 0.8487019631
0.3382004092 0.9147642953
0.3827309946 0.2265507913
0.2479393178 0.5593775840
0.1973644824 0.0760928945
0.8622367455 0.4265769964
0.2998783471 0.6105105908
0.0192859717 0.2193386735
0.1033818705 0.7085783229
0.1233188500 0.0479777443
0.4494442205 0.1033062307
0.0524614425 0.6411251581
0.2423153681 0.2025398561
0.5107687819 0.2489591095
0.8037534992 0.2407750583
0.7680742181 0.4487863531
0.3258050081 0.0756576265
0.3455713771 0.4411948557
0.4928687926 0.3839309693
0.3179846632 0.5017861414
0.5168471727 0.4732210234
0.4940283645 0.0510394159
0.6360356863 0.1727556064
0.1336714815 0.1620796911
0.0665933913 0.0742945546
0.9807575817 0.0762610626
0.6735311005 0.4714143895
0.1635065354 0.4383269034
0.9388603740 0.9236481156
0.7548721314 0.6595310943
0.5526579569 0.4282370868
0.8872026662 0.6449988718
0.0015249692 0.8116432942
0.9559487914 0.4513265316
0.5103459239 0.7482978503
0.9689310187 0.7267502152
0.2905357524 0.2496890073
0.4370395616 0.6925022253
0.3517845490 0.1316657924
0.9555614135 0.8317907904
0.8326868971 0.1358989583
0.8471167628 0.9682791592
0.9288558659 0.9607118114
0.6079337074 0.0428541174
0.5811253472 0.1167163084
0.0277705993 0.7556768866
0.1658884411 0.8156220579
0.7461176676 0.4837204043
0.2107275709 0.6978401376
0.4061152736 0.7936391960
0.6507829420 0.5104956308
0.3464605970 0.3621805634
0.3245956544 0.1865329450
0.6697737962 0.1485109363
0.4673740658 0.2611949086
0.0865510429 0.2423789202
0.5803740448 0.0116776720
0.9027923744 0.3874138894
0.9681791619 0.0869634289
0.7866256700 0.0246275152
0.9114605947 0.7586518069
0.8839049528 0.2931796634
0.0415574198 0.5039025511
0.6837648552 0.2747833503
0.4406351624 0.6680157064
0.5680110503 0.9490758506
0.5691034024 0.8862125410
0.0647569197 0.4330376750
0.9450587301 0.1984442075
0.8587797620 0.2096113917
0.9740441496 0.6644107553
0.4435557145 0.4784563080
0.2223897249 0.2936091579
0.3470932741 0.1449363950
0.8731833171 0.4475397859
0.3688149191 0.6429843564
0.5489119992 0.3298066568
0.8523075266 0.6508101871
0.7023847402 0.8890942420
0.1673466990 0.7490844286
0.8513516995 0.5416541998
0.1069583037 0.8740573678
0.7765586154 0.7957127775
0.1962410865 0.1516335809
0.3174645069 0.9009835812
0.8274067107 0.0842185380
0.4698743745 0.5494772983
0.4824006241 0.0152065887
0.1510666115 0.5013795900
0.9005646469 0.1494821019
0.6934006572 0.3266867002
0.7702101081 0.1215000461
0.5364429373 0.1731559752
0.3179533795 0.7023697981
0.0443829940 0.9641493257
0.9884329404 0.5417765466
0.0529495212 0.3131202699
0.9327405059 0.2666753544
0.7800122692 0.7279060185
0.6783377964 0.6187021508
0.5018599512 0.8661978682
0.1855458782 0.9569856676
0.2539173000 0.4336810698
0.2403434106 0.8036169772
0.6396269612 0.9190093146
0.3951802202 0.3236333108
0.5361720140 0.6831796936
0.2548268877 0.4855646039
0.7941659587 0.9746502557
0.6833576016 0.5613620710
0.4027010335 0.7428725859
0.7996113712 0.2751720365
0.2996363328 0.0015707665
0.8526207691 0.8957587735
0.4902958237 0.7886153194
0.6030670767 0.7758214352
0.0489723690 0.5873015290
0.8124943113 0.3493634438
0.4426694880 0.3337715956
0.3050341676 0.8352429916
0.1554244362 0.3826091768
0.5493926870 0.5277228638
0.2073235099 0.0497301869
0.3626400606 0.5970838303
0.4051298146 0.0632456297
0.5720577052 0.2120684235
0.1394801063 0.3264611971
0.8859042851 0.5638216828
0.8895577060 0.8280012714
0.6126767441 0.7329399262
0.5874372593 0.4271774037
0.3419746278 0.7838853425
0.6777393060 0.7441513040
0.1223887873 0.5469795664
0.6582740707 0.0423830239
0.3100629647 0.3634087640
0.7558096301 0.3867308334
0.1618030526 0.7508030656
0.9858851614 0.9901860176
0.0372481311 0.9140996966
0.4259838347 0.4126246981
0.4130324107 0.9601052344
0.7226759957 0.2371699474
