0.7777996157 0.8866188047
0.2244709325 0.2379011978
0.5445241970 0.3771557025
0.2508405072 0.7726869550
0.2571890633 0.4220012006
0.9871694370 0.2034415748
0.7972520113 0.6783340219
0.8493690667 0.0465426285
0.2341502985 0.3177826096
0.3989772952 0.7646576606
0.9850791520 0.7138952873
0.0739705909 0.4155091663
0.6027292466 0.7050934266
0.2937687340 0.9620153291
0.4817269001 0.9188923392
0.1296316836 0.4245033570
0.1571405410 0.0772112475
0.9101362146 0.9218255588
0.1183135374 0.8288651145
0.5861122607 0.5406832295
0.9825214241 0.4575488443
0.9383483674 0.1549756596
0.6060317573 0.8611116203
0.9652921677 0.3730890481
0.8921626271 0.0720220782
0.8266185513 0.4162930475
0.1273894776 0.7597482596
0.5642799039 0.7804201815
0.3740373324 0.4636564309
0.9774308203 0.4085518498
0.2376764636 0.0402119827
0.3273900052 0.4354210173
0.2003681849 0.9071830201
0.4552028082 0.3008311387
0.3917455771 0.3735826206
0.9448719433 0.0236819320
0.0040485807 0.9663471773
0.6516174319 0.3314117110
0.5391007235 0.2000247422
0.0561884362 0.2635877244
0.3962439492 0.6875171722
0.4439850486 0.2525999366
0.1075656569 0.9234653477
0.7306093079 0.6452955446
0.4977304607 0.4609345414
0.3374732843 0.7523066781
0.8871890231 0.2056293368
0.6954894170 0.4957412961
0.7612414850 0.0375904187
0.5999613988 0.2628165825
0.5323257677 0.0450589987
0.1581721248 0.1500523145
0.5303057571 0.2458387658
0.6589354165 0.2234421037
0.5269169584 0.6144609346
0.1645655686 0.3153234954
0.0548259019 0.4038982702
0.8488128853 0.6048696090
0.0808576344 0.3395323365
0.6588980594 0.3636058740
0.3622119936 0.0027405631
0.9407073839 0.7525158421
0.8983805580 0.9854126821
0.7761809958 0.8034998917
0.8710956008 0.7110223189
0.1284430975 0.5019637324
0.0060452130 0.6498142432
0.8039633191 0.2574831871
0.7287823178 0.9771096496
0.2748096356 0.7402828519
0.7270834978 0.2960054777
0.8640127410 0.5090873175
0.3070643593 0.0655754348
0.0581407530 0.6129779186
0.0762969427 0.7852358408
0.2684062245 0.3878714205
0.7724703506 0.4516648120
0.5534650432 0.1311650509
0.2953023720 0.2347426121
0.6358408587 0.8991884708
0.7366843987 0.3733111587
0.4746427154 0.0027791956
0.9278387107 0.3309166448
0.3422060082 0.8233317829
0.9402159787 0.5103516931
0.1940660196 0.5393515721
0.4032870636 0.1686102439
0.3518235656 0.2991742327
0.2921618166 0.9609721685
0.1016096511 0.0233518689
0.1688731626 0.8290491333
0.8919981136 0.2717455335
0.7192863652 0.5735772430
0.8186634011 0.9485585604
0.4981675836 0.5286972991
0.4257906946 0.1922986343
0.6557023498 0.4432866971
0.0290986421 0.8381973112
0.9505206632 0.6490388910
0.8167045050 0.1022060039
0.1253770328 0.2493158790
0.2562727853 0.4852179029
0.3239573894 0.5384974942
0.0701422113 0.1927476348
0.9237621127 0.5774493561
0.9518949287 0.8376425628
0.4642660776 0.6970511504
0.4270803299 0.4742989024
0.9346995931 0.8714444969
0.1262084942 0.6533396736
0.5056598617 0.7965346997
0.7647627568 0.1076110854
0.0336409810 0.0580084614
0.1136160296 0.9151214460
0.7679512378 0.7304243529
0.7342488896 0.5858494413
0.5497909989 0.9629397081
0.8484298274 0.5715700573
0.6817442206 0.1431870640
0.3044253326 0.6025566591
0.5820764307 0.9775119688
0.8066742082 0.2085626206
0.6659280261 0.0053571908
0.6394322409 0.0296982781
0.6561197938 0.1622744230
0.2178651775 0.2850353696
0.1234826040 0.2807406829
0.2358482935 0.0430898632
0.0318976290 0.9815025224
0.3209481315 0.8838482432
0.7677507357 0.4969931283
0.6473202558 0.4590588716
0.9794204061 0.5538795725
0.8251981940 0.6228829438
0.4956596706 0.3685893438
0.7337191331 0.1237283306
0.1916245693 0.4007398001
0.0656263668 0.6985759903
0.3731311879 0.6243221608
0.2147011707 0.1550092172
0.4848679155 0.7401800385
0.3049399942 0.6648412431
0.8483405942 0.7834639785
0.1912414211 0.6813276146
0.5066771392 0.2287417905
0.5637467443 0.4647308703
0.1663062184 0.9839600585
0.0798538066 0.5180130561
0.3712029224 0.5392400020
0.0112821384 0.1277923059
0.8210478070 0.3197239069
0.3936615909 0.9146432652
0.7671694347 0.3552783858
0.8242213765 0.8825726988
0.2531295116 0.8297352738
0.4059836415 0.8295688985
0.6898662518 0.6911177217
0.5474726613 0.6928417450
0.5981324959 0.2090435574
0.4378855590 0.0712805321
0.2283523661 0.6595599997
0.2157877467 0.5252780113
0.7375849360 0.8579042438
0.6319223228 0.6366996632
0.5346323422 0.8542082438
0.9902408264 0.7717287357
0.5837563236 0.0672377058
0.1130454425 0.0823232006
0.4670703494 0.8546925045
0.4443504615 0.6065330954
0.6348477889 0.5652224380
0.9963976298 0.9097015701
0.2912076330 0.1361204844
0.2227929187 0.9270641081
0.5804876219 0.3827151902
0.4401869004 0.5682171230
0.3187254463 0.3069480046
0.8599948076 0.8000434532
0.7947816508 0.9744390483
0.4439188547 0.3970007097
0.3778557964 0.2558291455
0.3760400728 0.0527437324
0.3256224653 0.1854211040
0.4120466432 0.9594855546
0.6806465390 0.8168103765
0.8736707027 0.4214223929
0.7046605229 0.7781332222
0.8578528167 0.3259978983
0.7120384760 0.2445051176
0.0066753971 0.2708751877
0.5493727263 0.6164473161
0.6344911327 0.9570105211
0.2121042967 0.5908361974
0.1240414324 0.5877655408
0.9120296233 0.1321546914
0.0250276415 0.1372965725
0.6262639158 0.7631710253
0.4717649065 0.0285127223
0.1927618718 0.7553598377
0.0346732714 0.5215958320
