0.9157860028 0.0116471627
0.1743404559 0.9049406331
0.1083163252 0.5111565080
0.4930113789 0.1634453063
0.3181550913 0.6752218243
0.2548152478 0.9764717674
0.5589773210 0.2789661311
0.7382331437 0.1786903976
0.5583115074 0.2106255345
0.8057740829 0.1738048357
0.4329584814 0.9428102761
0.8484182260 0.9973117876
0.5587019647 0.5669769892
0.6232153523 0.2188015799
0.9344853753 0.3140687628
0.4545660085 0.5806547076
0.7813525539 0.5176305889
0.1918350756 0.2601932932
0.1309339046 0.3401405028
0.5850602787 0.6443102569
0.6144711327 0.6966095394
0.6724684365 0.6854533924
0.2778324503 0.3798130800
0.1514693432 0.0938453793
0.8179515530 0.8866672029
0.2583940487 0.0843388955
0.8070651076 0.3163491546
0.4429952365 0.8379354596
0.7367347249 0.3486153526
0.0710491285 0.6092597658
0.3297495673 0.0047103588
0.9346999337 0.1631705559
0.3685711107 0.5714710598
0.7735167108 0.9867113547
0.5241717183 0.9348082070
0.4716581154 0.0251412838
0.0789383960 0.9231240840
0.5891622049 0.1469160134
0.2139903196 0.8136547561
0.2362941079 0.9618497354
0.3722830206 0.0671094493
0.5564504479 0.7190954806
0.8502975189 0.7972876755
0.3267554181 0.9505148335
0.4585237286 0.2426517410
0.0247425855 0.1956862291
0.4466314851 0.8880341230
0.3391563656 0.1871702374
0.3974582459 0.4724590842
0.1484975842 0.3806917237
0.8239059928 0.1729933341
0.2775976970 0.1832243831
0.9508726893 0.6888212444
0.6969537257 0.2949790842
0.3005260238 0.7968134456
0.4253743022 0.7565563127
0.6805414266 0.6086906813
0.5648684468 0.0092538226
0.9127390239 0.2370659735
0.0954963797 0.1487563229
0.7039838140 0.3942803223
0.8346765397 0.4425919132
0.5091800000 0.7734660096
0.1434763932 0.7542474437
0.6269430732 0.3358031725
0.2807123958 0.2793366642
0.3372422244 0.6171669093
0.6591748815 0.9734092508
0.7377148729 0.8973835139
0.5936345420 0.4223363967
0.8216670783 0.8748586606
0.1663730269 0.4478755429
0.5621326320 0.5056852980
0.0892856258 0.7124904303
0.1627639271 0.6933390907
0.6486878404 0.4443917343
0.4493026489 0.5356172090
0.7810773887 0.8203487570
0.2634057173 0.5691285439
0.6564342392 0.0266353650
0.9783372010 0.0729664158
0.0511147464 0.6693231110
0.3639100162 0.8759368310
0.6223828330 0.2764308028
0.6968704309 0.7785482405
0.9739640327 0.9563789396
0.0334465765 0.7574905264
0.6388195553 0.8785902361
0.2530826071 0.6133314567
0.6125468782 0.9518242159
0.8038415843 0.4645482754
0.1209768682 0.9580794858
0.8780589026 0.0861935841
0.2514976068 0.8703368383
0.7092032266 0.5309656163
0.1585479111 0.5867438544
0.9365137250 0.8838968245
0.1067836501 0.0546973055
0.8476006318 0.3841003107
0.4530875859 0.6336673121
0.9051952962 0.4302230596
0.8600094641 0.2669776913
0.0967673641 0.4379543981
0.7220421513 0.8129918110
0.3486824134 0.4794095256
0.2856650883 0.4616552755
0.8701976647 0.6979721682
0.2251077262 0.6689286278
0.9709354898 0.5615825962
0.7123678255 0.0529028254
0.9686135911 0.3492511744
0.3243370396 0.7073504511
0.4305553885 0.8197205722
0.9824772112 0.5071432859
0.7889301198 0.2471024194
0.5167239984 0.6423815242
0.9723818925 0.4043361551
0.2897486315 0.8654497562
0.0480526455 0.5568217200
0.6774000655 0.9031647222
0.3980774520 0.6851295763
0.0028569287 0.4396877969
0.8097133710 0.6044623437
0.4077478215 0.9847090370
0.9613866592 0.7297176943
0.0312433765 0.3430857425
0.3931258010 0.3919667968
0.6352690122 0.3566862803
0.6758777782 0.1547818928
0.1552840547 0.8003799575
0.8339237354 0.0548631100
0.0970200472 0.8345195895
0.6238926299 0.7681955538
0.9411223320 0.8287983036
0.2203898011 0.4509286638
0.6462042531 0.8380180198
0.3771724344 0.3455795905
0.8055750959 0.3600565806
0.6628190126 0.1520463230
0.7838255941 0.7523372378
0.9816601428 0.2551536482
0.5957340044 0.0812156249
0.5498979928 0.8525305745
0.5021965224 0.4161479139
0.5413585180 0.0081484399
0.9047458075 0.5147540229
0.1022337730 0.2709185236
0.1903579040 0.5316682272
0.9765599656 0.6217815761
0.4470755493 0.6957571054
0.1583152309 0.9374619471
0.2558124324 0.0957463884
0.3214217977 0.0932128143
0.8961527105 0.9245762815
0.8929351514 0.1452123483
0.4777635945 0.3113677345
0.0939688002 0.1673475076
0.3291780105 0.7794850434
0.0248643735 0.1358788846
0.1860641259 0.1744697707
0.9829242078 0.0981545352
0.2318616345 0.7370499635
0.7912434778 0.0936240506
0.3835407085 0.2043030944
0.4199747876 0.0483691172
0.5460894869 0.3611872463
0.4356399509 0.1189945767
0.1974318644 0.0366882646
0.4290503268 0.2005630165
0.0902115322 0.3396284594
0.3378251213 0.2630532212
0.9104203372 0.5949079547
0.0424398359 0.8894709614
0.1994486514 0.1899988080
0.2860034339 0.3157774064
0.5421206068 0.8290196008
0.7500569011 0.6614917683
0.5261590836 0.4867161732
0.5251218796 0.0933536824
0.9794609980 0.8008610541
0.7845186674 0.6955698741
0.0310590263 0.4642354364
0.9804269813 0.0042970980
0.2444591275 0.3715729460
0.3940845622 0.3239449635
0.7523500291 0.0945534031
0.6404052713 0.5190298210
0.1415343352 0.6264634625
0.0751271575 0.2631109873
0.0663667494 0.0371918892
0.6111687766 0.6010321390
0.7227290964 0.4619956336
0.4733367131 0.3837746733
0.2762039584 0.5102111702
0.8224037688 0.5562348504
0.8783206237 0.6392703394
0.8834971140 0.7733617715
0.4228085783 0.4550028570
0.7344103091 0.6099018000
0.0603553380 0.8343898152
