0.2117380606 0.6010662781
0.7220506606 0.2365583276
0.3580068763 0.7631241867
0.3573729765 0.1549692994
0.2834625850 0.8407235940
0.4126714516 0.3616288952
0.8935824423 0.0411188622
0.5611050334 0.4042951984
0.9647858395 0.4022275496
0.3567487040 0.4595922964
0.2489345891 0.5492996468
0.5870802937 0.7431087772
0.3265485715 0.3469456403
0.2840543787 0.4939276649
0.4264231833 0.9737423927
0.5875219432 0.2398525634
0.2356905253 0.0308170594
0.3028901929 0.0317877520
0.4650491007 0.3357077813
0.6653765687 0.8287718947
0.4112716067 0.0641536031
0.4443555796 0.7031964515
0.2027984492 0.6658325352
0.2818084902 0.4343280422
0.1642111895 0.2930222039
0.6421747372 0.6364360171
0.7138079677 0.5929305306
0.0019333580 0.2710961577
0.4216168154 0.5886784160
0.5357065311 0.9550230682
0.3622087202 0.9985381286
0.6491103128 0.0519883672
0.8956771766 0.4312223834
0.3460061555 0.2246705133
0.4856445139 0.9986874897
0.2121743351 0.9060521510
0.4429076856 0.8592692261
0.7941432296 0.2689753151
0.0127162142 0.6882087459
0.8886034840 0.1127958665
0.7933082796 0.7826554438
0.6136550291 0.5445451138
0.9162131515 0.8132614942
0.0264997529 0.0167001205
0.8340602973 0.2210120628
0.5121728474 0.6592733829
0.6626668902 0.4878827142
0.1326712308 0.8120555648
0.3131449362 0.2330013268
0.1408008407 0.6816781330
0.7449143200 0.6864129921
0.1765335956 0.8105608994
0.2570852846 0.7209534627
0.1139294873 0.2954374411
0.8239798999 0.0932726561
0.1651724407 0.5642802969
0.8000186137 0.8622266879
0.5830654995 0.0659812685
0.7963934100 0.4929647874
0.2152403580 0.8451970609
0.7965787118 0.0534140497
0.4161595514 0.4345059267
0.3194023877 0.9267621211
0.5248411689 0.3630200734
0.0724057242 0.1094729387
0.0744330141 0.8486803353
0.5416051240 0.2560917472
0.8835336320 0.7795119686
0.1335451663 0.1242235192
0.9849404212 0.7715096499
0.5703648885 0.6502967255
0.7347321052 0.4015060631
0.1163558257 0.0353028540
0.6858867328 0.3283988351
0.9894762308 0.9003811313
0.0360067174 0.4526714662
0.2388164688 0.1515838310
0.4410602332 0.1788484400
0.8510636089 0.8733971932
0.0882205960 0.6754315172
0.6679709442 0.7079607709
0.8190877604 0.3614282427
0.8638128380 0.5101282983
0.7960868809 0.5735946885
0.0997752237 0.5994288951
0.1041238881 0.4424913358
0.6370207808 0.3802869924
0.6168777132 0.4174396149
0.6205885681 0.9368675407
0.6928115078 0.4140406774
0.0208282262 0.0995330857
0.9186505219 0.9833214394
0.3569255339 0.5540669574
0.8702308004 0.1347691324
0.1524667801 0.5024733892
0.0749632806 0.9117700359
0.7636889745 0.8190654139
0.8242274148 0.9917092883
0.3497566003 0.3070166207
0.9582510110 0.4988663654
0.2783374706 0.1682297601
0.8918682475 0.5762220912
0.4337240801 0.7547869850
0.7282016823 0.2039302765
0.7133860833 0.9506915481
0.1033746574 0.9758579562
0.9749610633 0.5137444026
0.7020374291 0.0610127384
0.2715611098 0.3032457539
0.4412566365 0.1492219889
0.7599431177 0.4975830945
0.4979500190 0.8350934202
0.8519255757 0.6758633586
0.4721136508 0.5718690505
0.0551679687 0.8008222110
0.4825419664 0.4477381826
0.4034854545 0.4972926490
0.4052684367 0.0618628228
0.5389872017 0.2604643481
0.8024249979 0.4183771458
0.1137351810 0.3786410570
0.0587146663 0.7479212698
0.1752670207 0.9248320022
0.7588021760 0.0217599491
0.6525105747 0.1183834564
0.3623900108 0.6797471293
0.2704422007 0.9593278087
0.5761168523 0.0623256237
0.8755064039 0.2249920850
0.2165648252 0.3738501517
0.0340685965 0.4066691137
0.6965726662 0.5473408510
0.6994808841 0.8716995315
0.1791186592 0.9756695900
0.8556579907 0.3044115681
0.4551077872 0.2619625853
0.8119004162 0.7414194907
0.7149115186 0.6453716787
0.7580356153 0.1437025104
0.1647066757 0.1120388400
0.4909409665 0.0973701331
0.0211101905 0.6146708270
0.0392284656 0.5641649381
0.0975122814 0.5540673929
0.9653147617 0.0073559735
0.2914476132 0.6328627586
0.6191829847 0.2625738504
0.9070636565 0.3869635180
0.5884452296 0.1578564603
0.6494280453 0.9239068268
0.4133331349 0.2707638710
0.2629361861 0.7716001797
0.3098808630 0.6999485918
0.9006184853 0.3339912133
0.5247202248 0.7184566664
0.9652477500 0.1181361727
0.3434683592 0.9089002374
0.1899450464 0.4488400150
0.0468880893 0.9663871150
0.6786088084 0.7496590390
0.5752397182 0.8288748892
0.9230055689 0.8993485117
0.3837620843 0.8676012662
0.5091200353 0.7825343129
0.3204004624 0.1109964896
0.9910117978 0.1802353397
0.0622687553 0.3180373159
0.9854728331 0.6662831864
0.3021226563 0.5746955122
0.5213648458 0.1793265327
0.2056035853 0.2458415323
0.7832803695 0.9476362005
0.9892738615 0.8523620214
0.7969121344 0.6609420412
0.9832826259 0.2172993113
0.5107961847 0.4600802155
0.1685993148 0.7275986561
0.0404841181 0.2252205511
0.9150824163 0.2531096432
0.9080985013 0.6448043202
0.7108182067 0.3023001625
0.5271505706 0.4806530542
0.1944203465 0.0561726411
0.1908757190 0.3405880536
0.2717164473 0.4193637840
0.8580493247 0.9321718636
0.5955148069 0.9854483473
0.9753866947 0.3486542318
0.9233944927 0.7165300822
0.6667027338 0.1807243861
0.4106871751 0.6418706386
0.5757944331 0.5826375066
0.5579886883 0.8955748766
0.5301232730 0.5710292681
0.4618293398 0.9164527235
0.6404827925 0.7946941918
0.2003465688 0.2012825027
0.0966593159 0.2249946738
0.8383279441 0.5653600393
0.3637752348 0.8018708047
