0.3464933362 0.3227129186
0.4969182444 0.5743896502
0.6703987365 0.7179725954
0.2886117299 0.5859858228
0.0338226252 0.3557425886
0.4632575049 0.7264459017
0.7471659471 0.6928254077
0.4696629021 0.5196182461
0.7284061662 0.1901859016
0.5126929140 0.4170068077
0.0922286989 0.9626553602
0.1426096835 0.0347084748
0.8691603491 0.9679839514
0.4058945837 0.6197900204
0.5154905256 0.3020844780
0.1938332444 0.7135264963
0.5047573692 0.3447081045
0.1092719489 0.4350097928
0.6841940089 0.3402244932
0.2445288992 0.4601783747
0.0626719899 0.4987070595
0.4097994217 0.2635053007
0.8089704652 0.8696301510
0.0052707193 0.4304763459
0.3578816655 0.0561262549
0.3800901480 0.2080094400
0.3124387065 0.8070206414
0.3454521419 0.5875581068
0.7174316695 0.1393358138
0.1076649808 0.8354836530
0.0755096364 0.5915897593
0.8601490599 0.6938253192
0.9501218315 0.0876089063
0.5844643184 0.3048527922
0.2482004350 0.1548516397
0.3766910830 0.7242755345
0.2690106935 0.0326991914
0.2857752573 0.5057866295
0.7227993164 0.9971368001
0.5414166641 0.9175576722
0.4727931886 0.2667419621
0.3088164905 0.1275188775
0.4868973961 0.6491268643
0.9318293170 0.5439416924
0.1878630235 0.8806525481
0.7974480341 0.9593723462
0.0293945983 0.5475872310
0.2685303010 0.2804730547
0.8082384693 0.7618253725
0.0935399882 0.6597835146
0.8554972083 0.4189111738
0.0066517393 0.6223203938
0.9675756744 0.8225802050
0.5230578705 0.4469066703
0.7557478384 0.5204198829
0.4823654974 0.9272292945
0.3418515740 0.7024272180
0.6372268055 0.2900296172
0.8808434526 0.8020268113
0.5168982555 0.6746015207
0.6946351691 0.5645103529
0.6992779880 0.4676212117
0.2764502181 0.7627846298
0.1737281433 0.2291393079
0.7939750227 0.0341394839
0.5919872213 0.8799240735
0.0146802312 0.6808278194
0.4886028790 0.8092152332
0.3483467076 0.4909870201
0.5802369139 0.6593555290
0.4992824355 0.7717744460
0.8820905776 0.1333457759
0.7414648940 0.0771219591
0.9370292762 0.8729271046
0.2947590281 0.4217412011
0.3361082458 0.8876407528
0.9215504547 0.6148593489
0.6774237447 0.0334468691
0.5844043785 0.4404039239
0.7951903518 0.3474130103
0.9963753877 0.9411897026
0.0441896621 0.8112264281
0.4150179612 0.1131149818
0.5040710270 0.1317178120
0.0742005033 0.7798275538
0.1255683489 0.2994979894
0.1921957880 0.7770858051
0.7341945402 0.8597804633
0.1401127231 0.1807137834
0.8501569172 0.5058508095
0.9243219544 0.7691384666
0.4681410200 0.0452678973
0.3783673001 0.4797792623
0.7479242851 0.3068309618
0.9628402979 0.3087919684
0.2473308730 0.6589761654
0.0988790001 0.3297360354
0.2958301400 0.7262486621
0.6529592818 0.1914923305
0.6578727345 0.6321023408
0.7709976630 0.7381840002
0.9227426286 0.1410021573
0.9453187396 0.2136180120
0.1715214671 0.8989810660
0.9882478003 0.7711422070
0.7446845068 0.4357937714
0.0968317597 0.4145036239
0.1544352332 0.6713837248
0.3754913650 0.6495246020
0.7698738034 0.6096082614
0.1947875367 0.8616324234
0.0904106705 0.0900362241
0.4339203787 0.0815127276
0.9738198647 0.2550339489
0.5748384176 0.7624693984
0.2801557459 0.8793387075
0.1873482354 0.4225835959
0.6656879999 0.8235810762
0.5600113244 0.9682853867
0.5755573401 0.1653560992
0.8440704881 0.2470768312
0.3735499324 0.4049958552
0.2611090618 0.3250281501
0.2087907138 0.9843167302
0.5814749960 0.5807762515
0.1169377863 0.7334734456
0.8041760549 0.1138734691
0.0607902992 0.9997193080
0.6366601004 0.9848782530
0.3578999065 0.9323940376
0.0400653761 0.2855420739
0.3952300289 0.8858327976
0.6293275904 0.6682135907
0.2280653826 0.5370932794
0.6563460031 0.2480010340
0.0378321184 0.1582874953
0.3522831822 0.0068521127
0.2681036690 0.3643527118
0.9950858632 0.5350922985
0.8154389703 0.2762182016
0.2133546974 0.6135198792
0.9525921633 0.4542685107
0.8883275832 0.0557158311
0.4297425718 0.5764972938
0.5804102303 0.8160545489
0.7248185244 0.9295722056
0.9418512771 0.9661197755
0.2159601175 0.0569922970
0.4259051210 0.8814239368
0.5996347902 0.3848229260
0.3713762845 0.1589351919
0.8062157963 0.1649884833
0.5697173623 0.0784708169
0.4287975465 0.4141694556
0.7347887871 0.8201151914
0.8144019816 0.5298503220
0.0263489493 0.1796694297
0.4740420514 0.9017567729
0.1306251511 0.6346983088
0.1647419626 0.1121835853
0.8831856401 0.8697251460
0.1011490938 0.2193286677
0.8902334483 0.2334836107
0.8417056444 0.6410375601
0.4017790212 0.3515947903
0.6141350239 0.5139573715
0.4047925659 0.8049676283
0.8365697236 0.9120670445
0.8970329707 0.4839745126
0.6980702013 0.5685457219
0.9541154530 0.6798357027
0.0890899510 0.0978894555
0.5724322080 0.5238875357
0.6234690379 0.9704281906
0.5030313559 0.0161752966
0.8483417940 0.6095768792
0.3450795472 0.2414665635
0.6487096461 0.1153494209
0.0700842763 0.8945548422
0.2691147781 0.9591442795
0.6891206902 0.7472241065
0.2798691863 0.0681788500
0.0093886923 0.0471557671
0.9974585999 0.9565952613
0.4700501160 0.1915154835
0.5633068420 0.2253410266
0.9591187615 0.3865506738
0.1472618709 0.5014819210
0.1800661851 0.3509982915
0.2097160774 0.2506180476
0.6459546139 0.8266456967
0.8503447623 0.3383051928
0.8858589929 0.0206932362
0.6630909619 0.4546526196
0.5948348690 0.0761559562
0.1626365752 0.5497149366
0.7498903106 0.2321718032
0.6914805676 0.3777505573
0.2675955472 0.2007515325
0.8975956682 0.3919662086
