0.9238840430 0.4095183098
0.4632427173 0.4641462909
0.7962982345 0.2925567518
0.8547614842 0.3961120410
0.3285554533 0.1522622869
0.6060663132 0.5253907673
0.4748002523 0.1120504360
0.7675609034 0.1922349244
0.0913633421 0.0078342211
0.7225157465 0.2722756702
0.8629174948 0.8052019872
0.8967606604 0.5427534108
0.7501901959 0.1658848125
0.5570773551 0.2112913108
0.6198248149 0.0667191820
0.9904798418 0.4746357832
0.3974527706 0.8951279980
0.0418896970 0.9197986521
0.0286598070 0.7064012369
0.4907884611 0.6480763642
0.2978415473 0.3910244691
0.0157729300 0.0462590853
0.2059838996 0.8077822490
0.5843170054 0.1629378750
0.3999561596 0.4977820456
0.2686929662 0.0549087481
0.4831043214 0.2411909285
0.6855240037 0.0200930181
0.6482384287 0.5674148218
0.6325922080 0.9563668014
0.1093494461 0.5248502402
0.2293899935 0.6378034952
0.1537990155 0.4193935463
0.0082555603 0.5769163954
0.5569112676 0.6570544612
0.2657539841 0.7508323240
0.8206480070 0.3667786777
0.7914248155 0.1314905596
0.3936837387 0.6354498857
0.6299069103 0.2434887108
0.1951339600 0.1282780139
0.1171194172 0.8702043790
0.3835863621 0.3497135028
0.0434418085 0.8010253221
0.3774473298 0.0383969554
0.2820716994 0.8937106024
0.9466494797 0.2412138432
0.7053222444 0.7803171759
0.2384092738 0.4313457630
0.8406772190 0.7553559511
0.1932184622 0.9105376316
0.6568005075 0.8515302363
0.0044802895 0.0412948776
0.7318935343 0.0602379852
0.1918759895 0.8631842214
0.0126939483 0.2624461743
0.4697472303 0.9971953017
0.5982340769 0.9437315712
0.2870834275 0.8096338843
0.0880009407 0.9999691531
0.6537361327 0.1806952889
0.8377344063 0.6666541575
0.3211404065 0.6681195876
0.4937385021 0.8764843139
0.8093120222 0.4793731198
0.4283767544 0.6808137980
0.7794718639 0.7795395286
0.7737161165 0.6882436345
0.3815667941 0.4173774230
0.1634250235 0.9934726204
0.1135388786 0.3094757092
0.7486172024 0.4858632694
0.1556624579 0.1928012166
0.5822152019 0.4051938427
0.5388089712 0.0542348022
0.0937256481 0.1266566993
0.3650546048 0.0893903692
0.5100919812 0.1611112602
0.9345948770 0.3638549766
0.7111033949 0.3774142598
0.1849359023 0.3694213387
0.5897653207 0.5979123160
0.2578864085 0.9653893120
0.4679651754 0.3380270499
0.0966807543 0.3506593388
0.3402876567 0.5836828365
0.0312561890 0.3158283726
0.7146173011 0.6043221992
0.4340816775 0.5900052157
0.2804930382 0.4823286788
0.8872863315 0.1629796459
0.2559310145 0.2077413780
0.1811798400 0.5461815703
0.6196067687 0.8832849594
0.9621458238 0.8411408056
0.4957398592 0.7391300827
0.4121671858 0.9400247709
0.5104969830 0.5703515461
0.9306766271 0.0565791906
0.3268036881 0.8565983527
0.9138192539 0.7392164457
0.3061068676 0.0147764916
0.6908943965 0.1678825687
0.2135290828 0.2771893667
0.0785996350 0.8934940899
0.3035310697 0.3154274253
0.8493017566 0.1197953018
0.9960894383 0.5542959866
0.5279511241 0.3198715321
0.9426759021 0.1227808358
0.6779181561 0.6594024531
0.2119465973 0.7159949786
0.5202662184 0.4205550573
0.6593866588 0.6908638436
0.8592124345 0.4872131124
0.7690734144 0.6724406575
0.5706239777 0.7633996362
0.0759384709 0.4026313324
0.4503216173 0.0576913350
0.3693406508 0.1719555462
0.9613732212 0.6397500400
0.7140102422 0.2689689420
0.4408746923 0.4043523575
0.1325118449 0.7964256615
0.0093367106 0.1204292850
0.1323429589 0.7378339758
0.4976788366 0.9959331235
0.3606824026 0.7459679239
0.4193223405 0.2510394531
0.2736948554 0.5341861456
0.4416476804 0.8393056529
0.3542017665 0.2456557906
0.0730951378 0.4789798845
0.4447011646 0.5278229001
0.6660970318 0.4573698132
0.2684761706 0.5832918130
0.9344405763 0.6538792714
0.1598470940 0.2139720889
0.5931260413 0.4693092351
0.9368320045 0.4840492526
0.6967830551 0.4111310092
0.5398294442 0.9637810570
0.3947371052 0.3064381191
0.0448798165 0.6340432372
0.8564889165 0.2891030529
0.1810334363 0.4706996338
0.8717686190 0.8336839700
0.8190039417 0.5802478539
0.1304453114 0.6347987333
0.6194769697 0.7952738498
0.5815448370 0.6879176549
0.6924454768 0.7723683930
0.3416677481 0.4917084766
0.7086377932 0.9948803057
0.8428151436 0.2172452610
0.9153616035 0.3021556612
0.9881611793 0.1660243146
0.1934701741 0.9632187765
0.5719884239 0.3227172311
0.2420993779 0.1481178521
0.9440810685 0.8956852215
0.3955317760 0.8409818299
0.7467144951 0.8501188991
0.0482771758 0.7387759189
0.4878207589 0.8140049547
0.5776486784 0.8073034762
0.8510230836 0.9066120030
0.7877324085 0.9605942096
0.1076269517 0.1988464317
0.8996302094 0.9596110489
0.6527746925 0.2905879664
0.7852934262 0.5798342565
0.2867082547 0.2612924736
0.0547046913 0.2254089735
0.7089473056 0.5293633087
0.7111573174 0.9325702736
0.1971815141 0.3303597643
0.7753134161 0.9970212141
0.1236215233 0.6791290794
0.3020719696 0.7417169750
0.8605876079 0.0682619493
0.7777747264 0.4081774581
0.3279731246 0.9628106734
0.8804180862 0.6212789301
0.1272788521 0.0780252092
0.2840787927 0.0812256337
0.0386974267 0.4578273327
0.7812162410 0.8837469239
0.6152884743 0.3710006443
0.1241125609 0.5771361400
0.9910848731 0.3445399730
0.5740545182 0.1151743067
0.8660407377 0.0059166598
0.4510549082 0.1877585116
0.2421888554 0.6412694459
0.9633559786 0.7419813269
0.9609795003 0.9606653937
0.5361470520 0.5157800137
0.0047571387 0.8689778720
0.4451227962 0.7440972495
