0.4484359031 0.0633105702
0.5936775230 0.9021048278
0.4781830509 0.6349696317
0.5013509514 0.2286861304
0.0031478037 0.1475286633
0.5675810243 0.4058087348
0.2699233449 0.2795261649
0.4065188228 0.7921108018
0.1176137149 0.3737588532
0.0579220029 0.0294747748
0.9202749746 0.8837310098
0.0933088119 0.0963192708
0.0612348077 0.3900143369
0.6501696332 0.7122169002
0.4375785047 0.7242814677
0.3687303935 0.4026459937
0.0794290015 0.4832549860
0.7650434074 0.0758407793
0.1210466404 0.5242508751
0.3075136617 0.9088788395
0.8004401860 0.7350696311
0.0848945536 0.9623695903
0.7277716504 0.3771031906
0.9966680706 0.4653591670
0.8241305599 0.2002048129
0.2647821261 0.1098850748
0.2552353189 0.4398543796
0.2353887081 0.7991722190
0.5119004773 0.9574767532
0.3533547660 0.7921908996
0.8112810737 0.7786392915
0.6424957927 0.3745339065
0.0794451256 0.1856998108
0.7818757186 0.0105041716
0.4665272553 0.4269401728
0.5351159818 0.8795935203
0.2540488132 0.1428444950
0.0969953387 0.4241327400
0.7391905949 0.6980881024
0.8759254362 0.1281968597
0.2522451182 0.6483111007
0.8063732529 0.3641072782
0.2281558227 0.5533040958
0.9299219078 0.9822007542
0.0814843000 0.5719346540
0.6919318545 0.6626052265
0.8689433225 0.6519686693
0.3405051882 0.1193233849
0.9870959632 0.5442384586
0.1660027314 0.7191360693
0.3596528457 0.7312694322
0.3648893412 0.8628648469
0.6479913656 0.8110681500
0.5897681209 0.4732907201
0.1461935999 0.2547290382
0.3952686468 0.0773089212
0.7843316187 0.2649003794
0.6070170806 0.5684242492
0.6456292210 0.0340894048
0.8116523355 0.1038385557
0.4488812344 0.8441380418
0.0940694012 0.6695250554
0.8794281326 0.2296446854
0.6534614146 0.2913342661
0.7017826213 0.9818702578
0.3028763650 0.2164007256
0.4022157471 0.3151123782
0.7942947940 0.8843456714
0.2880053429 0.3782857755
0.3588219854 0.9627740732
0.5207815203 0.0173172860
0.0945857323 0.7085071799
0.0134669990 0.9318476978
0.1048026370 0.9717469136
0.2155582256 0.3957405127
0.4761132694 0.1392315808
0.2816141988 0.4827790345
0.7314140804 0.3143351433
0.7093757025 0.1777165039
0.9728095494 0.4082204050
0.1569916840 0.9085038975
0.6251601454 0.1543102428
0.8609822394 0.9237875637
0.2945373681 0.7314290948
0.9400034612 0.8146579157
0.1930551141 0.6419992414
0.7934670968 0.6200080695
0.9426467155 0.6852497577
0.8496384946 0.9800294779
0.3479528219 0.2632472975
0.5839137287 0.8250802897
0.0090018988 0.6754229239
0.3133736316 0.6653895316
0.7623367001 0.6381087411
0.4860440225 0.7465686910
0.7313591239 0.8080087183
0.6905212539 0.5873036514
0.9104653217 0.5283897200
0.8374538607 0.5269692060
0.5081292432 0.8240876317
0.6026050420 0.2345912519
0.0067537037 0.0262915015
0.1667445294 0.7936607687
0.7065224645 0.5026913989
0.1365769886 0.8082047568
0.5745276370 0.3402163694
0.2782945214 0.8306957287
0.7061536890 0.2448390994
0.8771176339 0.2943918446
0.9971819942 0.7807816158
0.1841272805 0.3708601726
0.2226237889 0.2108294805
0.5726977373 0.1886169436
0.8574972379 0.7838396085
0.5493223539 0.5762574003
0.6629035218 0.5608143701
0.2480750365 0.8778595039
0.4883624581 0.5943158143
0.5120002701 0.6982299789
0.4799794064 0.1665788172
0.2183279011 0.2873490792
0.8873331649 0.4434836174
0.7412499319 0.8758070355
0.9204146648 0.1238868139
0.3505818612 0.4963487904
0.0478884208 0.7813279181
0.6826376406 0.9167347239
0.2947509825 0.5431000114
0.9411006633 0.0694056692
0.2112731682 0.9342967107
0.5804714652 0.0996475409
0.5027900686 0.3101553783
0.2796824237 0.9751803544
0.4063895656 0.1898071296
0.5552165929 0.0704295346
0.4228098006 0.4872397249
0.7721819831 0.1797806102
0.0778277020 0.2393303973
0.7330184801 0.5095352446
0.4391832137 0.3941877780
0.9184916976 0.2779773920
0.5846569208 0.7703794040
0.4891153043 0.5043278433
0.3462394998 0.0284477244
0.6712704678 0.1826438912
0.4155323586 0.5605783862
0.2345027096 0.0196766583
0.0993655571 0.6262772802
0.8437631875 0.3327331393
0.5970421319 0.9648327556
0.1637290064 0.0781322258
0.1628341332 0.2365575776
0.8306736977 0.5705475910
0.2201522523 0.7336720898
0.0445370039 0.5483389436
0.9890935702 0.6253294147
0.5363699647 0.4897346859
0.8885654644 0.3876476328
0.9435308289 0.8859326605
0.4612911097 0.3077732370
0.6901942731 0.7597637920
0.0263211950 0.3045502234
0.5814220998 0.0693431899
0.2403733709 0.0400662511
0.7771050190 0.9726249066
0.9018297025 0.6010385765
0.7081215028 0.1017866989
0.6497968765 0.3676630164
0.1583761443 0.0065152862
0.3411364589 0.3022102013
0.8682909319 0.0395006089
0.1781186952 0.4771231372
0.8167180196 0.4736262208
0.6333817880 0.4612446837
0.9686018249 0.2080597745
0.3183104822 0.6110827730
0.4586260231 0.9233728156
0.8356982517 0.8630413458
0.4494318292 0.0055878089
0.8889690022 0.7067193605
0.1880549442 0.5680510894
0.0109165229 0.8594056252
0.5665353763 0.6900266892
0.3193262317 0.3631716879
0.9655212098 0.3155145294
0.1087517442 0.8547239955
0.3992899329 0.9347770701
0.9543738908 0.7595592259
0.3875699857 0.5883019981
0.9419456681 0.4235883663
0.6704826251 0.9045591265
0.1557177478 0.1358996027
0.0177377960 0.0797988357
0.7914774661 0.4244921520
0.4000055098 0.6512853306
0.0828810027 0.2990708600
0.6069409897 0.6472161998
0.0086376040 0.1930268138
0.5188101015 0.3379314313
0.3597234790 0.1426923241
