0.2900663300 0.2585732923
0.4684435888 0.8384211801
0.2127910841 0.5500905679
0.4306773215 0.2303969541
0.9888878810 0.1632607808
0.0427286771 0.0634342252
0.9098069119 0.4115651677
0.6409842005 0.9287786745
0.1721273745 0.1441081227
0.2576930356 0.3847768989
0.1379745248 0.0997132571
0.0396991697 0.9747688329
0.1474258406 0.4886446414
0.9490008310 0.4983630800
0.6773779874 0.2161353837
0.5287702332 0.8891335537
0.0291014502 0.7218729913
0.5419176101 0.5178230719
0.6276249310 0.0257598263
0.8821713859 0.6805682277
0.1443864190 0.3764461167
0.4254740647 0.4005599933
0.8609452372 0.8743874093
0.8465301133 0.8127300909
0.9502527943 0.0853210116
0.2465779860 0.1259605760
0.5677659965 0.8993862746
0.0745321907 0.3969429839
0.1766328352 0.0623768526
0.2851767881 0.4449727418
0.9874747781 0.9415553382
0.8628598694 0.6047059293
0.0751488963 0.1716432314
0.3608799045 0.9064465285
0.5775062312 0.2786983525
0.3655311183 0.8786146894
0.2689994861 0.6723346910
0.5553990380 0.7983126336
0.6119099370 0.8440221638
0.1240941663 0.2274873337
0.6224717454 0.1466390398
0.4281459857 0.1564036994
0.3153035439 0.7764248356
0.6302571059 0.3890267783
0.3004400310 0.1239734938
0.3141616821 0.9722153178
0.9920275683 0.3150661503
0.8727606321 0.5335843646
0.4827239659 0.0847664881
0.3155459987 0.6053962511
0.3724793434 0.6084073338
0.7590001726 0.9119343904
0.1420841565 0.0023882875
0.9539035356 0.8892401846
0.0279632321 0.4293743305
0.7795866390 0.0276671107
0.6794406232 0.4132657230
0.7693807406 0.4520302334
0.2813615672 0.8943794527
0.8141674799 0.3805989559
0.8525360288 0.6326330894
0.3195875850 0.5222656746
0.3519008850 0.4451575421
0.3873907032 0.2754875299
0.8644388604 0.0227737642
0.9552508177 0.5947523406
0.0120717867 0.2263246969
0.3992281127 0.8026656644
0.7130989273 0.3036489719
0.3387171099 0.2864895467
0.1942289158 0.8436052348
0.7393390460 0.1707165834
0.9966992513 0.4894061255
0.1702325902 0.4349053555
0.0665046532 0.1236896279
0.1568353483 0.9346970962
0.7196268083 0.8218219342
0.7214531143 0.6991617706
0.2313952322 0.9668649094
0.7153952099 0.0204058809
0.4457922704 0.0458833821
0.5423727331 0.6690002198
0.6594834111 0.8043881747
0.0371924779 0.7803893105
0.6926002825 0.0583941328
0.1334850545 0.6557718568
0.6254400099 0.1845174557
0.9951514608 0.3798958927
0.8271345888 0.3086768060
0.8046662311 0.0922883957
0.7763803169 0.2100178820
0.3205782787 0.7088320767
0.0822530600 0.8600886727
0.5300584805 0.2952765155
0.4972179456 0.2439009003
0.2242243280 0.4728170301
0.0112882852 0.6692144174
0.9938310283 0.8771844148
0.0153898212 0.5551119840
0.2676845986 0.2991004104
0.3628886908 0.1433574453
0.4398077169 0.4943864363
0.8613738385 0.2193708040
0.6218104316 0.5304650199
0.7778079097 0.5740862792
0.1200726064 0.7798172665
0.7925089475 0.2754376222
0.0002604622 0.0585770710
0.6951709120 0.4629512905
0.7406271374 0.1106923070
0.4308337428 0.9839148783
0.2187577204 0.2141651358
0.4974025221 0.4400287406
0.0945093115 0.5263830864
0.1930330597 0.3145458241
0.6527853895 0.6854306836
0.4064176793 0.0013215194
0.5628201034 0.9929868832
0.7140184244 0.4936727810
0.3926346104 0.4736186931
0.3300288940 0.1923278596
0.1536964330 0.7868850658
0.1713700016 0.7813676053
0.5828315992 0.7183705149
0.4620733343 0.6493884696
0.5563667372 0.6001429161
0.7166804672 0.8757654131
0.1145337751 0.5878820893
0.2372942346 0.7789257327
0.3052892934 0.8404640715
0.9366396988 0.1729417689
0.1166647846 0.6900448515
0.5942576939 0.4447480078
0.8331292235 0.4681522485
0.7902236728 0.7661744286
0.2898570267 0.5420431782
0.1824350534 0.2206452931
0.8676461074 0.7403179244
0.1417376244 0.3022569678
0.9398153113 0.6916619879
0.6480420455 0.9539550849
0.7501466149 0.7633307424
0.6555448547 0.7363931219
0.0477380328 0.5900277484
0.7358372502 0.3666718906
0.5491884550 0.4637732082
0.3002222508 0.3712610361
0.5269720253 0.1374780032
0.2303414968 0.0474200107
0.3440316315 0.0360320834
0.5457556228 0.7788493721
0.9702056387 0.7523086144
0.8639106340 0.5232257194
0.5166838125 0.3484924194
0.4494761836 0.3366370343
0.7742732264 0.6098065204
0.4530539142 0.7181381930
0.2943314134 0.7384686284
0.8207224684 0.9743991385
0.1286819528 0.9854811602
0.9610477648 0.7970982735
0.0726231087 0.4771673335
0.6704706543 0.6297254887
0.4382525739 0.1266978567
0.2209359718 0.9069596666
0.5171824603 0.1871557134
0.9394963566 0.2678901377
0.4755961681 0.7690533005
0.4557457075 0.5145126627
0.9247386914 0.3601085980
0.4735334299 0.9618432756
0.3817645563 0.7056244601
0.6276796895 0.1037740478
0.8776605036 0.1108455893
0.9211729621 0.8274848299
0.0792101365 0.9072522121
0.6281742293 0.5927921670
0.2718609949 0.6045914368
0.2024881975 0.6503116245
0.4830455431 0.9078558626
0.4104762818 0.3179469827
0.9199606382 0.0485841305
0.7113385887 0.2572509779
0.6147910811 0.2665010447
0.2890456749 0.0396323536
0.8470341633 0.9280651580
0.4765471430 0.5873980405
0.0630977984 0.2639521289
0.9177027595 0.9630147021
0.7479210030 0.9343039226
0.5846649559 0.3655005879
0.8690735567 0.3920402873
0.1750519600 0.5626417067
0.8410868855 0.1681638843
0.8189137942 0.7074535158
0.0591371846 0.3089634394
0.5306209641 0.6606132921
0.7071667976 0.5688669534
0.9002118613 0.2716547827
0.5739762155 0.0549692119
