0.1414310094 0.2297653823
0.8514405770 0.6568261608
0.1722135694 0.5928705398
0.6476249065 0.3860226979
0.6437880359 0.7743306169
0.0869215541 0.1768667665
0.8246063960 0.9699431871
0.7308466868 0.9382254687
0.7510481226 0.0532549761
0.3313795784 0.3940816726
0.2657599042 0.5273055706
0.6663058765 0.9226926658
0.8695636861 0.7780509119
0.9188583879 0.8426211807
0.8031187329 0.3181009192
0.1141330909 0.8022846826
0.6390171645 0.0079245875
0.9177041728 0.7310527422
0.9320353913 0.0105235341
0.0431927480 0.2945453816
0.3060225611 0.6297843088
0.5355798721 0.0744199269
0.4800669052 0.0057146341
0.0268052812 0.0045843022
0.4964365872 0.3609209269
0.0595791989 0.3762903046
0.1012959089 0.1316156407
0.6637000631 0.2846500402
0.4857774229 0.1129425867
0.2962132547 0.9444833503
0.0672965995 0.9465356344
0.7242684346 0.7795209926
0.9775753703 0.1963007794
0.6438715681 0.8574416767
0.3722958352 0.4288066996
0.1891278448 0.6645697182
0.0740563082 0.0946156637
0.4313410656 0.4824306273
0.7796223321 0.1366909704
0.2028080584 0.4830851091
0.5962607055 0.2588849017
0.8935172240 0.5713608357
0.4829664211 0.4717226830
0.8642256605 0.3431625078
0.4528499382 0.4058159306
0.5623809710 0.2759109337
0.8592526722 0.9165961668
0.5503623152 0.5671207719
0.4915843399 0.2474559228
0.3060022946 0.7248618167
0.8985951209 0.5309419012
0.6425093544 0.5347841304
0.2787279129 0.1769706685
0.0088770653 0.3163876674
0.2482741890 0.3024644129
0.7469512080 0.3965101391
0.1258361835 0.6954280135
0.0509032483 0.6086217693
0.2282474584 0.7545438037
0.9757242655 0.7015741290
0.1075194420 0.3120212667
0.9981570700 0.0613381660
0.4714335887 0.6937718466
0.4038180290 0.1510475051
0.8437518892 0.7264926166
0.4016522869 0.3475344437
0.1218199960 0.3945093019
0.2383308536 0.9978389112
0.8984227569 0.2526965928
0.7558756712 0.7121513628
0.1357716788 0.9700699841
0.7531455872 0.2452179221
0.9504345475 0.2797772031
0.6988458648 0.1779642108
0.8655767799 0.0812633482
0.0184295633 0.7811686220
0.1819043864 0.0331809579
0.7722404381 0.1917433467
0.3213045629 0.0118584423
0.0410232923 0.2127996116
0.0918199079 0.4648070463
0.5351899793 0.8542935598
0.2496662841 0.1045451329
0.5681422444 0.3453938595
0.4136552827 0.3168053867
0.3001771616 0.8613622869
0.5811999407 0.6896859362
0.2013488321 0.5289678819
0.3491750499 0.5089028154
0.2005035620 0.4314013029
0.9222129759 0.4157426637
0.9497653904 0.2901979820
0.6731668441 0.0716609025
0.4800764156 0.5559244423
0.1221494604 0.5552935038
0.7764457941 0.5137164385
0.3191853483 0.3209238668
0.3920886278 0.0517483437
0.6623827760 0.1478049453
0.5820172795 0.4399410318
0.7502847293 0.9907909910
0.3872063644 0.8954781173
0.7613632948 0.0616508554
0.3805397575 0.6443816100
0.6277813564 0.6985735012
0.4043565436 0.2211208345
0.0632245254 0.7025392439
0.9048361977 0.9101842438
0.2746382579 0.6028267189
0.5486332289 0.1825353593
0.0836753454 0.0291764582
0.0572379786 0.8602116201
0.3980800312 0.0311289239
0.6654457668 0.6415790583
0.9930758215 0.4153312531
0.9780336758 0.7678595885
0.5457839180 0.5520979358
0.6233925661 0.4822075102
0.9065773863 0.6376700343
0.1841370256 0.8260390686
0.2948226401 0.6853562614
0.7508872090 0.6062586009
0.9031448075 0.3690228457
0.2583901454 0.0528368956
0.2299995244 0.6236043142
0.9605291678 0.4941043232
0.1149636618 0.4833601253
0.3698377680 0.2486707401
0.1618051506 0.2320413894
0.9486866410 0.9445233894
0.4360374504 0.8258357096
0.4851879039 0.0043836997
0.6577314124 0.7666364020
0.5850641750 0.7996978891
0.8183408541 0.4349449581
0.2484509029 0.9010421985
0.8023856220 0.7845092812
0.1763943132 0.7394421796
0.4147417512 0.1193813960
0.5276864339 0.8750417528
0.3223281082 0.0941763431
0.6526208320 0.2292455921
0.8470118289 0.2463632392
0.3763632487 0.7180527810
0.5814139178 0.0026284248
0.7292156524 0.2965497588
0.8073077618 0.6361555213
0.8274625770 0.8441953339
0.1853708953 0.1285122170
0.1740830338 0.9145817662
0.3007889248 0.1940142057
0.1129349497 0.8417173872
0.7135150663 0.5550925784
0.1494135602 0.8985864934
0.5259828602 0.9303304773
0.6789374361 0.9981947163
0.6402698883 0.3898493478
0.7525189445 0.8643117017
0.5334526116 0.6430797655
0.7676961224 0.3699466895
0.0064667343 0.9451462456
0.3180121246 0.2561602868
0.8391071530 0.0756960290
0.1938793168 0.3483945645
0.0311347847 0.5430858883
0.5366202915 0.7609153891
0.1693833531 0.3045626450
0.2765707097 0.8231037381
0.9848557691 0.6549714252
0.6998431819 0.4282747804
0.4157947339 0.5417563072
0.8933217640 0.4634566124
0.6423838648 0.5873030273
0.3657307274 0.8214434244
0.9016073530 0.0295857101
0.9925886788 0.8453270019
0.4814842060 0.6428308642
0.6010909185 0.1304588608
0.4661654292 0.2261375533
0.5925647745 0.1118119046
0.3885418415 0.5877435458
0.4634595032 0.9410214558
0.1950505331 0.1762085355
0.4981704548 0.7382855419
0.8089428215 0.5535237589
0.7752981424 0.4813009156
0.0284904169 0.4750031238
0.7304150289 0.6698181234
0.5523297241 0.4315859855
0.3580158211 0.9514053934
0.8557681221 0.1703391916
0.9160367669 0.1322065655
0.3043880578 0.7798452658
0.9938631375 0.5792197773
0.2480252541 0.3716760947
0.9800443885 0.1108369257
0.7213266437 0.8668352817
0.0822183079 0.6731021983
0.4543876609 0.8841145341
0.2844193941 0.4479019451
