0.5297185122 0.6571058390
0.6811807643 0.0429361203
0.4496537415 0.4812875374
0.1374001855 0.0317409417
0.7657975005 0.8944173871
0.2333367617 0.3674707552
0.7577937650 0.4644325512
0.8323121183 0.2974584139
0.7561145845 0.1100631443
0.2935533856 0.0569418140
0.3581140884 0.4290549731
0.3766416147 0.4970811034
0.6633470445 0.6154254841
0.6711578499 0.1339437937
0.9429425796 0.1254720812
0.3002750824 0.7973447551
0.8807438410 0.0808941883
0.9494419006 0.4113316439
0.5730042699 0.3711299950
0.4751589396 0.0633382928
0.6556815869 0.4422766307
0.0760819338 0.9446248609
0.4750455236 0.0580301665
0.9805379784 0.1641115392
0.1083244089 0.6270625771
0.4634146105 0.3318398302
0.4079527224 0.8845187063
0.7165363754 0.7003054589
0.0743547032 0.7866671621
0.5449481923 0.1496054718
0.9549984412 0.1870112103
0.0103954768 0.0817098543
0.2052441410 0.8912381392
0.1042601654 0.0834450470
0.8147751385 0.5425093497
0.7931517125 0.6358885033
0.1730505677 0.2545973210
0.9711521685 0.5362483311
0.6164503486 0.5256164251
0.3352403322 0.2629908304
0.2540869424 0.2958122301
0.9537455031 0.0012735630
0.7573543926 0.3481989643
0.2535864044 0.0948266734
0.1133217011 0.7131792668
0.9151376627 0.3188988935
0.7074331288 0.3225300955
0.9185170007 0.6557490745
0.7101899163 0.9354977164
0.8650369406 0.6853435974
0.3243381409 0.1412829427
0.8177654725 0.0483801504
0.3837825978 0.0973008552
0.8407273304 0.9644985189
0.0874440212 0.8641192756
0.3890077546 0.6831226236
0.3697781902 0.3685142004
0.5927532412 0.2776405770
0.8445622328 0.1871912635
0.9901447892 0.8213699390
0.7387443351 0.6432360311
0.5628087630 0.2021879149
0.3399626476 0.9135693748
0.8031814844 0.4054683724
0.1293297460 0.2342878584
0.8141673859 0.1183443472
0.5354454501 0.3301959967
0.6348762339 0.8632300206
0.0747352880 0.1198369365
0.2678036703 0.8547879604
0.7552988600 0.7904240145
0.7526290352 0.5739332450
0.2249415350 0.8092291031
0.7469797157 0.2046770864
0.3479592446 0.3676964261
0.8134234559 0.7551544687
0.6974185094 0.5205916006
0.6748522040 0.0368042144
0.3841881664 0.2422413261
0.4133465561 0.3170345602
0.3180012748 0.1525890605
0.4847331310 0.2606971917
0.4749555078 0.1181920576
0.8352909526 0.8771965794
0.5040550582 0.7301269696
0.4638826725 0.7655063152
0.7359154482 0.4956127041
0.4794023627 0.2196076073
0.7436548183 0.8324276890
0.6236727859 0.9527411191
0.0732436567 0.4194705180
0.6065019751 0.6049707607
0.4926197091 0.9513202825
0.6484919681 0.3044862504
0.0611591254 0.0110133969
0.0570051496 0.2086663065
0.1469778367 0.5573598428
0.7707475839 0.3847508679
0.9933837412 0.5869163706
0.8724739005 0.8810274062
0.1760513428 0.1209573123
0.7635338840 0.2784868102
0.4954629462 0.3767981042
0.0495711181 0.6356336068
0.6667679711 0.8232611302
0.6131958967 0.2305088816
0.2691141131 0.2329754005
0.9144013787 0.4978038244
0.2555579114 0.3721865774
0.7648826483 0.0455352509
0.0909663418 0.2718086358
0.0442464213 0.2865220358
0.2900561158 0.9480729328
0.6825620510 0.7545339698
0.5849500860 0.0867842112
0.4248394316 0.4287145551
0.3887514077 0.7906701651
0.9635514384 0.2486373458
0.2008844753 0.0284679138
0.1517355996 0.7904395882
0.6771944840 0.2435709296
0.9065778864 0.2936914294
0.3464112378 0.5960566239
0.1426415077 0.8613933767
0.6195184709 0.5157462739
0.6930405921 0.1098694957
0.8215280643 0.6968854921
0.8433030541 0.7984776130
0.3250305560 0.8863504233
0.2185297964 0.9530973845
0.5641799255 0.0354943041
0.8656999657 0.5928943218
0.9320020463 0.7382715221
0.2457139080 0.6074895597
0.8777708630 0.9801694607
0.4132166676 0.1653111639
0.5408596628 0.9439044714
0.4593901789 0.8798016565
0.4134857890 0.5850813092
0.3770397648 0.6396789152
0.4885638005 0.5152214124
0.9525212549 0.6472456909
0.0696926525 0.1478492296
0.0309724535 0.9205047128
0.3650164238 0.0318230559
0.3007253093 0.6614357267
0.1198031752 0.4979626510
0.5466564617 0.6043529491
0.6575115608 0.9149772216
0.2135590658 0.1738948782
0.2180982139 0.4658749376
0.9844527866 0.9220637654
0.9148871654 0.8038609389
0.4715029064 0.5952279998
0.2112432688 0.6900716295
0.0353905725 0.8156414810
0.1278145597 0.4279636560
0.0301936632 0.7232929753
0.6699396880 0.3644337243
0.2786395295 0.0128055974
0.9932223158 0.0038287556
0.2042385788 0.5682120156
0.0927004199 0.3453927373
0.5910687253 0.7102239949
0.5330563239 0.4390709083
0.8985400579 0.5504128335
0.1973266829 0.6486276141
0.7772395653 0.9684741872
0.6417581881 0.6855456477
0.8875708221 0.4090184587
0.2222015229 0.7426307105
0.9707817902 0.4377023377
0.3321880909 0.5381969245
0.9157740501 0.0940423399
0.2302029624 0.1819309220
0.5325029298 0.8512592451
0.4872445481 0.6879488477
0.2934569671 0.7185918632
0.5628640659 0.8369889415
0.5916252982 0.0029214660
0.4564765319 0.8144812295
0.0724240870 0.5662533826
0.9284398478 0.8768565077
0.8324898811 0.2244171376
0.1334469972 0.9558494752
0.4200548722 0.9611657653
0.2804010528 0.5228280317
0.5404314425 0.5163851861
0.1937746368 0.4549112427
0.2872019962 0.4601819573
0.9624208916 0.3616323788
0.3669799885 0.7449661892
0.4125112635 0.0052343194
0.6151607779 0.4102051400
0.0346575191 0.7114618573
0.1692508098 0.3258799941
0.5967455062 0.7731979924
0.8667790437 0.4680665537
0.0632024357 0.5040917800
0.0369036923 0.4165167230
