0.1926156824 0.2045141408
0.0472139330 0.7629690482
0.9785287867 0.7638119493
0.4641812100 0.3482379746
0.5425313700 0.6653688590
0.1085881665 0.2594854869
0.7096368979 0.8664008485
0.4680615639 0.2527978866
0.7961262137 0.3535451290
0.2501515157 0.7788277276
0.4655441550 0.1670919603
0.2355134506 0.8890156197
0.6756276679 0.3361983589
0.6684863641 0.2450464502
0.8868152169 0.0511473275
0.4106050954 0.2260613643
0.3168171701 0.8240406398
0.4743858534 0.0347793814
0.3510714286 0.6538860369
0.3900195409 0.1296111185
0.8145676795 0.8182289747
0.1373965942 0.6550745914
0.4252651655 0.6547900360
0.6210371419 0.6168324822
0.9905975785 0.5557899794
0.0131732381 0.3473813465
0.2501009865 0.0234501092
0.6210304240 0.3725217457
0.3273875756 0.7010320206
0.3057671510 0.9262329224
0.6487738255 0.5668953500
0.7016355390 0.5572664928
0.4612706685 0.9793415321
0.7329569697 0.9301540782
0.1282012344 0.4103039012
0.2939693777 0.1486206834
0.8029118935 0.1140238260
0.4295936050 0.3354211870
0.6902678885 0.9945840759
0.6894200921 0.3793039616
0.5172554772 0.0984317142
0.1339088132 0.5615507400
0.8094750100 0.9629099726
0.9404217032 0.2909510884
0.9607287761 0.0093274811
0.0595722088 0.3364426477
0.8064187812 0.9205897735
0.3915617425 0.2800794196
0.1934868652 0.2970697828
0.2087914327 0.6940335725
0.5393709898 0.8868350299
0.6250095606 0.4622201575
0.3621624452 0.4071744740
0.8462608274 0.7075618336
0.9958704272 0.9213126974
0.1272203496 0.7771638308
0.1233771410 0.4245374596
0.6408841281 0.2577394187
0.3075623786 0.4085489360
0.2523473362 0.7875854833
0.5354674272 0.7170969430
0.8759877413 0.4962244841
0.2827232183 0.5379585406
0.0037269687 0.1666168470
0.1198233470 0.8486907061
0.3583083315 0.5906904371
0.6082552948 0.8197279280
0.8510914291 0.5503868154
0.1278333606 0.0334880296
0.3323273444 0.2225746885
0.0262029485 0.2391206826
0.6223624325 0.7219590299
0.8109562309 0.0237856367
0.0789163659 0.4843479093
0.2138925755 0.4899367118
0.1962029577 0.2463089751
0.8703163004 0.9035798661
0.7376054530 0.0520953421
0.9555032358 0.3679320272
0.4309891966 0.8734593972
0.3488175814 0.5177968131
0.2306040405 0.6269149052
0.5332540061 0.3853297288
0.8792272032 0.8295928111
0.7753106514 0.4849764075
0.5296346975 0.8896467710
0.5467465718 0.6044382428
0.4408051551 0.4619586138
0.5659579785 0.7733491699
0.8283721333 0.6614653834
0.2065906275 0.3351747374
0.5573670234 0.5078286246
0.3031399469 0.3031713028
0.8806798592 0.7648129381
0.8252087256 0.4382782656
0.3496939420 0.0740115101
0.9345336161 0.2132671815
0.2566712481 0.3933140054
0.4830143617 0.9287049554
0.4698241748 0.7873832691
0.3951987762 0.7451419926
0.2015918847 0.0889018083
0.9437566946 0.7153755042
0.9596159329 0.6094629803
0.7203899372 0.2912073980
0.7591413709 0.5959809992
0.7596102753 0.8476855634
0.0641832037 0.9352291101
0.0941526487 0.3305319311
0.5261134513 0.2524756422
0.1392994459 0.1588549822
0.0060054186 0.0769379846
0.8261190358 0.2639260596
0.7543888598 0.4167699632
0.4884645025 0.5520288410
0.3518151966 0.0088547347
0.0513169904 0.8162915383
0.3302388793 0.9355228771
0.5752572270 0.5047960666
0.1439421447 0.9284963458
0.9292336445 0.6684832017
0.5058297481 0.1039307558
0.2567296446 0.4921382275
0.1783822486 0.4425065495
0.4230976838 0.5036558432
0.8940183844 0.3539250157
0.6141036777 0.9587928511
0.3945564742 0.9008462460
0.9661058215 0.4450976751
0.8234926005 0.5722119852
0.1696330502 0.9845339512
0.6392453413 0.0634219327
0.9905431692 0.4897419647
0.4614607763 0.5944262459
0.9033772793 0.1074706087
0.1642865914 0.8910590229
0.0580922958 0.6631564449
0.7712433904 0.6980394536
0.8834516435 0.6227144721
0.9509214960 0.1350450042
0.8719901803 0.1911757123
0.2663706790 0.0797948293
0.5409082354 0.0124265528
0.9674312432 0.9350651848
0.8307623944 0.0879531544
0.5363693891 0.1849716051
0.7647123518 0.2865681621
0.2149488159 0.6642531515
0.6126389728 0.8863983093
0.2056800032 0.5715583233
0.1031093905 0.6068923384
0.5065944556 0.4362754695
0.7319068620 0.1980279679
0.0811224496 0.1506040101
0.0755884281 0.9734799117
0.2984443567 0.6081818260
0.6117399985 0.1504746079
0.5854723763 0.2573827644
0.5464320552 0.3364563335
0.4199305134 0.0721376440
0.2641924520 0.1560726204
0.4002425496 0.9697511340
0.0070832261 0.6491137779
0.2333871079 0.9680588876
0.4726552904 0.7351312232
0.6533617513 0.6557295147
0.0375727648 0.4133191718
0.7283083286 0.1375211397
0.5062792888 0.6761973494
0.6672426686 0.8177839020
0.3941641340 0.8178071897
0.9302883588 0.8544311666
0.2826424911 0.3404304583
0.1870665888 0.8198379199
0.7696296945 0.7653774446
0.5936204737 0.0037036877
0.6757209671 0.7264338365
0.3396412976 0.2026768119
0.1552819546 0.1084276998
0.9282771100 0.2410895561
0.8473722149 0.3742132118
0.0995533129 0.2317469517
0.9092743844 0.9686477365
0.0861313913 0.7125515901
0.0057286893 0.0515492143
0.3284791955 0.7771427103
0.6755305451 0.5066818166
0.7004357766 0.1473456197
0.0693280045 0.5472370448
0.7269432829 0.4738145900
0.9138087078 0.4607794448
0.3612786037 0.4763184530
0.6224239016 0.1338792588
0.7442493092 0.6347962538
0.9954261231 0.8196396103
0.4210277679 0.3880184135
0.7188909845 0.0079226715
0.0868324408 0.0603197014
0.7138029343 0.7515146699
0.8159736015 0.2042749923
