0.0401055350 0.3663547844
0.2798350376 0.2322956168
0.1641178604 0.2105934246
0.9974546488 0.5919616136
0.5424615818 0.7857825245
0.1126378165 0.2513499227
0.5475607793 0.8985525252
0.2120375565 0.6994320506
0.2864648500 0.5864040710
0.2803064701 0.6608786285
0.7007324732 0.9287490523
0.6483720166 0.4478257947
0.0356615194 0.8130582280
0.2446248051 0.5072669739
0.7497129966 0.7526160444
0.6917361414 0.7187553956
0.0466277325 0.5749749900
0.6432241246 0.8746518112
0.9727605500 0.5245828995
0.2672488044 0.1783810742
0.9142742915 0.1204517550
0.8917759868 0.3746060246
0.8616870711 0.5850620800
0.2206296517 0.3971219517
0.0885435367 0.7604762518
0.6360822669 0.2635469972
0.0484906161 0.7230337238
0.7299263158 0.5123075545
0.8588986679 0.7770168785
0.9132593023 0.9392803228
0.8434320449 0.6609640621
0.5407886190 0.4417360226
0.9941411740 0.9737816942
0.3728055105 0.2422712184
0.7831579981 0.9892619638
0.2491953641 0.2962966413
0.9192093361 0.8014992398
0.7125410772 0.6355970018
0.6020181961 0.3665273501
0.3631495510 0.0342375710
0.6720338353 0.2041415105
0.4341411017 0.0575690485
0.1642497421 0.3736506469
0.1857784937 0.0121833644
0.6958309726 0.7925027260
0.6119845743 0.1462004407
0.8114016329 0.5557116179
0.1546114027 0.5978778132
0.4853404982 0.4067277148
0.1250087630 0.4053014498
0.9546782615 0.2118382971
0.1560465550 0.5290681010
0.7530645622 0.4699696999
0.2783689859 0.0840647988
0.6458721054 0.0927228953
0.7124277621 0.4086273594
0.2242249558 0.9603177261
0.3422974312 0.3187346115
0.0639550075 0.2745507730
0.4882456639 0.3196302622
0.6705408969 0.3662694082
0.6488344106 0.9677701055
0.6283732957 0.7773544739
0.9105815908 0.0717406380
0.5963106717 0.6678171766
0.9640400735 0.7648624554
0.3868512511 0.7609877585
0.9925178880 0.4419127219
0.0384018239 0.4548040079
0.2546251845 0.3500073728
0.6059311923 0.6944443529
0.2929915794 0.9951339289
0.3158052649 0.8578417407
0.9504497938 0.3237186501
0.8789451829 0.4556386566
0.7506506726 0.5800205415
0.0410517599 0.1665134858
0.7797028240 0.6663853414
0.4572876871 0.9123800256
0.3452026598 0.9194429166
0.8956090913 0.2059035272
0.9813379730 0.9043476973
0.7055818054 0.0391867082
0.1905707539 0.1999638816
0.1544419068 0.6252533794
0.4438439753 0.5798182126
0.8032496065 0.3978851036
0.5970277416 0.0788341128
0.0183116144 0.2747472291
0.8362201309 0.0715419175
0.0002354638 0.7129757458
0.9738826887 0.0367482116
0.8225954610 0.1461396248
0.4107459796 0.2924031573
0.8768019930 0.8872676279
0.4395733962 0.6818952897
0.6404905986 0.5790401894
0.3416864657 0.9767537409
0.2573867823 0.7130236286
0.3785958165 0.8037586968
0.5422079325 0.3300240630
0.1236483356 0.0152710120
0.2309416431 0.5386796422
0.9503352619 0.3108283161
0.6764310743 0.6517299502
0.5396528744 0.1900442118
0.7391063036 0.1064475838
0.0231704889 0.0830944170
0.3045547376 0.6000042927
0.6690000872 0.5297144427
0.0843857105 0.8715858399
0.4231319242 0.6690742756
0.3738297105 0.4172032886
0.5742007288 0.5104639461
0.6046596355 0.2038918180
0.5041422859 0.5311872639
0.0977527276 0.6744086797
0.5244969200 0.6137231841
0.4617854654 0.7566836779
0.4349841599 0.4736355925
0.4684749517 0.0229292859
0.9093673144 0.7010500138
0.0264425019 0.6057732310
0.3359951655 0.0986725531
0.4420181410 0.8473040659
0.0575940493 0.9124778675
0.5076681148 0.8513135694
0.3357464384 0.4191009832
0.4013735019 0.2061268507
0.7827166693 0.3208736192
0.8973084718 0.6207216145
0.5094590885 0.7571231727
0.3129452186 0.7264622866
0.1884152718 0.0635203448
0.9329225062 0.9982512469
0.9472228844 0.8706229398
0.5469955339 0.5681781203
0.5123377489 0.1197433890
0.8441571864 0.1835299401
0.1723027289 0.4597731264
0.8519272670 0.9965068717
0.4966081477 0.9697062425
0.4128622344 0.0963849008
0.7285141172 0.2103228392
0.8848431681 0.2741156938
0.8325257256 0.4866462415
0.3859005953 0.5540663082
0.6171472712 0.5039404880
0.5218822956 0.2260171778
0.5438309709 0.0126975893
0.0880453238 0.3426226041
0.5865817001 0.9293239322
0.8963402595 0.5140916260
0.3453808840 0.1475855307
0.7326623034 0.1581100914
0.4393306905 0.1569871484
0.6235915574 0.8458888957
0.6261488547 0.3616975631
0.1857119606 0.9361145551
0.7124223813 0.8132715858
0.2881194361 0.7876876307
0.8313068423 0.9034575059
0.8175066250 0.3954330852
0.2318109286 0.1041078624
0.6107346769 0.0135972333
0.2137023728 0.7925428202
0.7702587737 0.0461067686
0.0535932274 0.9873351439
0.9577878707 0.4064983717
0.1468628377 0.7760187800
0.2752699777 0.4217115468
0.8197433032 0.2601272030
0.8054644501 0.7318281224
0.2357636827 0.8585182298
0.4132652671 0.4918893770
0.4072795978 0.8757806805
0.1713905632 0.8707517750
0.4325111973 0.3450610458
0.3049566074 0.5020061841
0.7073685026 0.2725008617
0.2680413962 0.9531791842
0.0847924120 0.1761031879
0.5333840484 0.6882802031
0.9652339928 0.6606902179
0.1614489516 0.7106177523
0.8339955794 0.8317866600
0.7994455940 0.2926620227
0.0858443343 0.0863995351
0.1787736029 0.2887300321
0.5286976444 0.3863734390
0.3228358431 0.3217282729
0.0940721720 0.5275361019
0.3866561767 0.6177198543
0.0760091530 0.4861767821
0.9901516799 0.1121919665
0.5343198300 0.0963463229
0.7703577737 0.8673370994
0.1276135966 0.8304912420
0.7708461085 0.9710510992
0.1373045982 0.1123134842
