0.0199916177 0.8852030190
0.7690282434 0.9509843076
0.1975590537 0.2172850112
0.0576828244 0.5382155925
0.7976626953 0.4939037778
0.7362838049 0.0288224822
0.3391919114 0.4822264526
0.4454635010 0.3444744761
0.8137520377 0.7487925642
0.0578259175 0.6507890635
0.8028077996 0.2438451285
0.3147595478 0.6802103686
0.6672668682 0.1525604673
0.1483705786 0.2803994815
0.0082114957 0.2487838670
0.9905872320 0.6437289926
0.9554946993 0.3618636052
0.5401319360 0.6854929832
0.9383880764 0.4560248311
0.7359129444 0.1453266140
0.5255824086 0.5605769070
0.1309029986 0.4579131382
0.3399034367 0.8453135305
0.5701671090 0.8898998091
0.3862944188 0.6754084785
0.9261742874 0.9119756884
0.6154854406 0.7317470414
0.6438808254 0.2787318860
0.4963949414 0.6958600402
0.5910068684 0.4838780300
0.0821149106 0.7971004768
0.4053550160 0.2609871024
0.8683043386 0.9810686448
0.3637454211 0.9849256933
0.8161114420 0.0101687004
0.1285220987 0.9899177733
0.0092796719 0.5486970859
0.7315683667 0.1048252376
0.2740583393 0.4252278362
0.4733768916 0.5763422460
0.0364179532 0.2008239527
0.5206732400 0.8276524248
0.7094892061 0.6565862017
0.2876575304 0.7339371655
0.3395231290 0.6384477340
0.2239534651 0.1687640851
0.8801624181 0.5323264440
0.1800886848 0.6281550760
0.1150073435 0.5627457000
0.2523211951 0.9313133156
0.0195029095 0.8128957636
0.4952371959 0.9021695795
0.0975646678 0.8786581081
0.5564224614 0.2278335523
0.1777841666 0.7818943441
0.1694212557 0.2920930821
0.4284305978 0.7980522294
0.6027151385 0.1050569632
0.9783741819 0.9523121603
0.8498304754 0.8013006555
0.2317478831 0.6036998047
0.9988766608 0.9958755777
0.3292376643 0.5166615281
0.6805144598 0.4756342244
0.5241958867 0.1968155371
0.6525292827 0.3751773804
0.8915578464 0.3154218368
0.8804447941 0.8888101406
0.0725727554 0.1275815366
0.7274028645 0.4267710627
0.2450545830 0.7138596377
0.4863187086 0.3997735906
0.2481302123 0.5187905995
0.2674312283 0.9924222117
0.3326999761 0.0609250817
0.5391478831 0.0565382396
0.7045198759 0.8880704096
0.8978749746 0.1931064737
0.3547151608 0.3267525457
0.7748245614 0.6832157365
0.5071233695 0.3124333259
0.5809781417 0.7705307380
0.6579977529 0.8346499882
0.2911459027 0.2425220788
0.1006950763 0.4031191219
0.6398778891 0.5655583423
0.6134044412 0.9640061535
0.8539368510 0.5504247653
0.8062663010 0.4420491162
0.8044238747 0.8319661401
0.9339004714 0.4514819525
0.0412955474 0.3700579516
0.4519866071 0.6678781073
0.7893100876 0.2275276810
0.7384264673 0.5467445560
0.6888877801 0.4984431381
0.1105630113 0.0106707278
0.7440004709 0.3844155763
0.4578479473 0.9727305726
0.5842880523 0.3947112220
0.8884816796 0.2711837209
0.2579581512 0.2647115785
0.9976258056 0.3870621163
0.4439942931 0.7499001813
0.9018218690 0.0149865293
0.2979007304 0.0400183261
0.3826077314 0.8933086720
0.7123150480 0.7394442667
0.6097316534 0.6095385530
0.3148620620 0.8205497789
0.1662237850 0.4890862461
0.4330442214 0.5759385745
0.9687890834 0.6410718528
0.4109172230 0.8558305194
0.5324849159 0.5044064573
0.6690884931 0.9888463890
0.2630271149 0.5034909117
0.3583256214 0.7560499720
0.9003908625 0.1645370066
0.8162375389 0.3287700096
0.1764045872 0.8708802096
0.9841495718 0.7637400580
0.8195839820 0.1599172883
0.1500048843 0.5539906522
0.9304147929 0.0610231040
0.9237809094 0.7941984872
0.1944521979 0.1159404409
0.9378880762 0.5916247139
0.6999805765 0.2452776585
0.5656551851 0.2850969720
0.3492173438 0.5438571753
0.2939957048 0.1298363598
0.0650992667 0.2863797826
0.9826809131 0.7196251211
0.1092478442 0.0433682021
0.7605319269 0.8785846641
0.1614683857 0.9268171543
0.1128992057 0.1370893194
0.4032012163 0.4269547225
0.5278986558 0.9889372344
0.7399504060 0.7844618766
0.4054450422 0.0780794093
0.9948454254 0.1114075957
0.6726271612 0.9223416460
0.6719707908 0.7323793940
0.6291874942 0.1928340225
0.9963089164 0.5264539293
0.7224137874 0.2261578115
0.3940613690 0.3667202190
0.6516683266 0.0723526137
0.1152762199 0.2353816077
0.8842630797 0.7280085293
0.7252261400 0.6061077425
0.4651637487 0.1611100983
0.8749162122 0.1047763828
0.3773506414 0.1595865259
0.1829632181 0.7326732064
0.3581888117 0.2760697570
0.1046369360 0.6807971046
0.9957119532 0.1671486157
0.6006228385 0.3532424212
0.2490768812 0.8457478653
0.5184630553 0.8061470751
0.5934467271 0.6672140575
0.5740566320 0.0199673630
0.7931812076 0.6338118294
0.9576248666 0.8558248722
0.5299064729 0.4281338553
0.6095461250 0.5613805467
0.3118439045 0.3636374957
0.3833977497 0.1550715742
0.1696596439 0.0972803784
0.4293398608 0.9399498301
0.8639406320 0.4332810495
0.6294890860 0.8443835382
0.2008672597 0.3451517745
0.4574101358 0.5045513197
0.5526723633 0.1385042312
0.3464700002 0.1985693071
0.0734975356 0.9372787869
0.8741145238 0.6324967316
0.8406473484 0.3555816987
0.9431344196 0.2688068168
0.6984202556 0.3300827352
0.4310777978 0.0292650318
0.8579413121 0.6551045733
0.1281654587 0.3463815486
0.1572183643 0.6468287470
0.8235770846 0.9070738360
0.7925065429 0.0486908790
0.0910709856 0.7255175124
0.0456980806 0.4456086515
0.3953916653 0.5931625179
0.2379447565 0.0536534120
0.4679820933 0.2479904857
0.4855784451 0.0848304528
0.2672028318 0.9206034135
0.9863034425 0.0564565632
0.1360555933 0.8086062530
0.2391962496 0.3952994578
