0.6102259603 0.3349430984
0.9381428615 0.5209453414
0.3325433672 0.2363665658
0.8642591968 0.8844214294
0.6500237377 0.5508026593
0.6938497525 0.8356659653
0.2331436223 0.5024033962
0.4942153466 0.5958996662
0.8480470731 0.1039522688
0.1610242251 0.2475338780
0.1987192578 0.4013133997
0.0675205172 0.9949470175
0.0710341088 0.7406642797
0.4150830870 0.0652231324
0.1761853994 0.7063914843
0.0467790309 0.4431799751
0.3038713632 0.5281826884
0.2379514930 0.7544419603
0.1250264487 0.3217734052
0.0539104771 0.5559916909
0.3210048281 0.7144126204
0.8398344161 0.7404962581
0.7652705939 0.4797956932
0.1849859672 0.1695972991
0.7963545990 0.3609538378
0.0729587323 0.0218450805
0.9884592678 0.8356086011
0.6861007284 0.3906979036
0.4284591083 0.4082169142
0.7221330023 0.2428635741
0.0148850055 0.7978385678
0.3593197058 0.7554848742
0.5685622494 0.3043973884
0.7969953150 0.4443477096
0.7560357079 0.3292564289
0.6259627452 0.4385663141
0.9130478678 0.4273874324
0.6881112569 0.9132680479
0.7351043918 0.0844249625
0.5048955446 0.8440668269
0.9731003812 0.0551675056
0.4461088346 0.5193454369
0.9063675291 0.2713141214
0.3160174545 0.1860821072
0.8631927168 0.0667548406
0.1862597292 0.9680440030
0.2347333847 0.9987862605
0.2845098727 0.1183406991
0.1000453770 0.4841612356
0.1054855644 0.3330766605
0.8108259614 0.1966245301
0.2205561653 0.9077337377
0.3887535196 0.1640162198
0.5960016871 0.5951213053
0.1349056791 0.9129232810
0.0799068054 0.2365807012
0.5042530306 0.7147185949
0.4164465602 0.8975277547
0.3099730322 0.6310066390
0.7232613632 0.5368690006
0.2393583633 0.4028809487
0.8780509656 0.7339395109
0.3880416694 0.5415869622
0.5204891382 0.9904001812
0.8484717053 0.4647960041
0.3869521783 0.3899714360
0.1948356996 0.5524026262
0.4709388229 0.7619456814
0.2055967238 0.7230590797
0.5845839551 0.1922336853
0.0511339485 0.5936305962
0.7688887664 0.8486207330
0.3141604026 0.4338009473
0.6591586867 0.7643092067
0.1762658429 0.6149884307
0.5786605101 0.8638110100
0.7025899019 0.4985433931
0.2204298565 0.2417317881
0.9918692552 0.6399498259
0.4151477904 0.1675789050
0.0843129456 0.6544489860
0.8512252013 0.3060562052
0.7798714107 0.7821655180
0.3163846609 0.9854273783
0.8272726283 0.9944398000
0.2598827420 0.3002730741
0.4240564495 0.9295089456
0.6786678713 0.6243638270
0.1204150353 0.8219364994
0.9877339280 0.7483106066
0.6533003020 0.3249090772
0.9413736408 0.5952897186
0.3099447071 0.9505303292
0.3166492011 0.8847107960
0.4813521529 0.4744585499
0.9170404907 0.9877812381
0.0093783595 0.4771654986
0.9907344526 0.9622840441
0.2301930164 0.0504307278
0.5077757741 0.1522359295
0.5901516422 0.2154631668
0.7981771199 0.8614571206
0.1130061371 0.6887232882
0.7476179708 0.3966155807
0.5739483275 0.7797767393
0.3872850889 0.8369135780
0.6628467804 0.8373839246
0.6881721948 0.6687115416
0.8777506548 0.9151416978
0.1658244257 0.0921328858
0.1152764351 0.1642133567
0.0794560909 0.9451979712
0.8814590811 0.2044895017
0.0122085902 0.2137863023
0.4213437876 0.2846736836
0.1634818645 0.0553195648
0.3984481253 0.9929117222
0.8040028956 0.2858590975
0.6404067170 0.2109213489
0.7639562355 0.7084143599
0.5464308560 0.7263217872
0.1887972765 0.8437408946
0.6241356118 0.6781280353
0.5578760469 0.5615610407
0.4904947235 0.2819195852
0.8016628867 0.5838262204
0.1329772658 0.5578475326
0.6613570013 0.0352978421
0.4157869249 0.6356289832
0.1509809814 0.4093985412
0.4804946501 0.0659499496
0.5918689759 0.0719330868
0.1866164614 0.8084129427
0.5278465973 0.3571197228
0.3583224059 0.4900848964
0.3230071116 0.3916431957
0.5708264557 0.9542297246
0.6483193236 0.1249409150
0.2630055269 0.6594978495
0.7182107338 0.6565449033
0.5191072134 0.9058176188
0.2535127158 0.1425016101
0.3776248063 0.6565755121
0.6995274361 0.0119697136
0.3545536525 0.3260263231
0.0789486595 0.2517211014
0.3967113450 0.3048672899
0.4427534176 0.8443531880
0.5314460591 0.3998243680
0.0361512219 0.3872084714
0.8516842337 0.5512000969
0.8851744548 0.1691976933
0.9362646554 0.0474312239
0.2653251478 0.8583976585
0.4755987080 0.9983266134
0.2896030159 0.7932718764
0.9584851042 0.4282430160
0.3450980409 0.0786287727
0.2905513990 0.4694816053
0.5643369950 0.4645702276
0.0813518871 0.1012005209
0.7219502751 0.1457091402
0.5935370880 0.0251274900
0.9299568108 0.7087380196
0.7771200152 0.0515300180
0.9471268660 0.1457974473
0.9174951431 0.9422388233
0.5209496529 0.6689016887
0.2329148449 0.6333644650
0.8812699561 0.4647300155
0.7514341869 0.9611536654
0.9901207237 0.6314406115
0.6323017813 0.7696636541
0.9382679966 0.3272715651
0.4371092691 0.5884506007
0.5161664839 0.5317859598
0.5238350384 0.2484427952
0.8870437034 0.8168895190
0.0068286711 0.0951235687
0.3523475492 0.0906487820
0.9012952654 0.6283404917
0.0400766652 0.1405300747
0.0509952904 0.8936952763
0.6929713970 0.2167850016
0.0257951390 0.3152585547
0.7915433217 0.6465666977
0.6261711623 0.4653639836
0.4220368328 0.7574753628
0.9407051799 0.8420416291
0.2827038992 0.3171903143
0.9371914880 0.3546354637
0.9664274907 0.2662315489
0.0730487449 0.8210416429
0.7730411667 0.1603874800
0.6190804999 0.9470571974
0.4646925724 0.2042030915
0.5287403040 0.1046779901
0.1208571599 0.4602371691
0.8478019091 0.6522700232
0.7400244380 0.9411477894
