0.3484206974 0.3575544376
0.8993947633 0.2106336389
0.1736119991 0.1681124813
0.4980027508 0.6202548729
0.7940080530 0.5912495667
0.5745911358 0.2658969035
0.7241052581 0.2805049383
0.1833205611 0.6945198756
0.6212634882 0.7972097718
0.9415985763 0.7303428614
0.5144671278 0.8199571112
0.1471487065 0.8905715131
0.0981482979 0.7840187824
0.8410692337 0.3641452566
0.3593404640 0.5036861066
0.3494773993 0.1211649636
0.8191744648 0.1635399995
0.3474570329 0.8618026653
0.4694416271 0.9161004067
0.2431183618 0.7365823051
0.3408134218 0.4346656735
0.7835773657 0.7407921573
0.9270187968 0.6469169703
0.4478007259 0.6822379666
0.8668828898 0.8080656444
0.6121844651 0.4680717532
0.3730006926 0.3133118312
0.4551302053 0.0974811985
0.7529425063 0.6561387136
0.1259817687 0.8704231981
0.6941950220 0.4719602075
0.8221832489 0.2381939694
0.6223249893 0.4066648003
0.3564834156 0.5376007991
0.8567703258 0.6621814549
0.6970695294 0.3997846216
0.0448580079 0.9648059229
0.4583716567 0.3671458053
0.3913668509 0.7221266223
0.3813016473 0.0834992921
0.0357611482 0.6263461249
0.3073303916 0.6746385737
0.0757716530 0.1548995497
0.0130946758 0.0770946837
0.2852860551 0.3852172056
0.1017080914 0.5652424827
0.1871134314 0.0946996757
0.5069842505 0.7440517663
0.1654337194 0.3203842914
0.4397959888 0.5856439406
0.1068119067 0.1048332222
0.0114531397 0.2925960518
0.1988543301 0.4186587248
0.8563583228 0.6522653173
0.6645623606 0.2378995053
0.6062398746 0.5307456964
0.6768919189 0.3439661203
0.7419568322 0.2019763565
0.4571138357 0.8546995307
0.3293269437 0.9375805674
0.0266648588 0.8885155320
0.5468779824 0.9259205794
0.9777735460 0.7835744899
0.2219495939 0.0518161944
0.0360882435 0.2438952290
0.8101988102 0.0438228909
0.0922834709 0.3166321350
0.7855046277 0.9604124921
0.8386598230 0.5101868744
0.5597376281 0.3457111642
0.7964005431 0.5688032558
0.1814753325 0.5275920659
0.4175157713 0.9288322174
0.2919329619 0.7999135029
0.1918315372 0.6216888496
0.9474483608 0.2263067785
0.4672325301 0.3029715025
0.5618576646 0.5868902161
0.1385052718 0.4853742988
0.6642510303 0.1843358100
0.7086012710 0.8941538636
0.9502767850 0.9404211058
0.1223561997 0.3659552829
0.0814026971 0.4829108378
0.6195089386 0.0992123289
0.3425367548 0.6679725686
0.9176757221 0.2818436361
0.1297269592 0.9915132714
0.7517422362 0.0641403790
0.8649824693 0.0087466261
0.4651470475 0.5301134783
0.8518372030 0.8635449388
0.2671335203 0.3511213934
0.0048840543 0.8255972570
0.9539518192 0.8863506143
0.4211408444 0.0454709395
0.2808213280 0.6074703611
0.7645984064 0.8076764037
0.9792747979 0.4976898536
0.9917701416 0.4486097195
0.3271427751 0.7543763456
0.9497036100 0.3431916100
0.3140274407 0.5596184399
0.6948130258 0.0400046785
0.6903911039 0.8284947509
0.6964640846 0.9363489875
0.0339657602 0.7473600326
0.6627853696 0.5474121749
0.6988070099 0.7011050109
0.3212304351 0.0025881086
0.5865033079 0.0126147300
0.7777974970 0.9184666811
0.5533733837 0.8422764217
0.6605546945 0.6464179236
0.0709317090 0.5772529825
0.5868397356 0.7645611295
0.5948541666 0.6916186158
0.9825878663 0.6788459904
0.4088100842 0.6435612933
0.7672459050 0.5105484641
0.6629120409 0.7591283561
0.2439255769 0.9782739370
0.6707323414 0.9862275476
0.2134374570 0.2915523861
0.1736653814 0.9606387295
0.5311260825 0.3156053577
0.7418502258 0.1260887454
0.2597784908 0.0658645131
0.5778214528 0.0938878984
0.4142157515 0.3956370602
0.8270349199 0.4574070325
0.4700059611 0.0201982048
0.6808364430 0.1196683039
0.1196082897 0.2336801275
0.4417892568 0.7782559767
0.4459339651 0.1502373869
0.3960564349 0.8099057599
0.1776868508 0.7976738705
0.0032734637 0.0274185665
0.0807041422 0.8088962396
0.8830639600 0.3643757750
0.2833365803 0.4521999815
0.2608237827 0.6037249585
0.9380676080 0.0032191669
0.5418458209 0.5393657239
0.1008574193 0.6894791033
0.7702153335 0.3168676436
0.9345632320 0.4193521357
0.5725404476 0.3991731657
0.8076710004 0.8478384759
0.5002461470 0.4613058747
0.3099520682 0.2145678227
0.3464422822 0.0234218346
0.6119705406 0.9442934553
0.5188160896 0.9500280766
0.9158667423 0.0796255861
0.1757144980 0.2281285274
0.2440906790 0.9222603090
0.7559888041 0.8033929996
0.5318926907 0.1716883258
0.0942903193 0.0721020950
0.2350109923 0.1789335723
0.5314213757 0.6785021497
0.0047137817 0.3612803700
0.7168216460 0.5684014375
0.4947737844 0.4352756147
0.7492196666 0.3969792411
0.8753446577 0.9333293256
0.3339593659 0.1405875100
0.0459725093 0.2101729464
0.8295790282 0.2814458678
0.1451646558 0.6057564705
0.5078485903 0.2202509144
0.9520184270 0.1176549633
0.1238490590 0.4169981638
0.2465435272 0.8670259028
0.2277831446 0.5002644281
0.4156872345 0.4767038495
0.9853662695 0.5741989671
0.0575284133 0.4112616553
0.6384587128 0.6153211059
0.6467438095 0.2857280204
0.5227400865 0.0845300016
0.0187605387 0.1311025972
0.2785980409 0.1558307331
0.8052110700 0.7172737062
0.5933617321 0.1785976701
0.8745329734 0.0624947676
0.8158745596 0.4157455663
0.3271575938 0.8751262702
0.6201873561 0.8969813307
0.9446486010 0.5637778339
0.3944329372 0.2585184152
0.9040118741 0.4978946277
0.1516716111 0.7666856808
0.8527355722 0.1608494872
0.0671298296 0.9248133507
0.4355977518 0.2256048829
0.0430201755 0.6908299382
0.2988489197 0.2646217182
