0.3983967326 0.7380444521
0.3359408744 0.9658603628
0.6427098393 0.3147778438
0.4648097336 0.5268637499
0.2533770148 0.4117310609
0.0005282242 0.3899755294
0.2328010116 0.0478226971
0.1058776392 0.7827757004
0.0290563221 0.4138495079
0.4589020428 0.9374967100
0.3715477232 0.4290088653
0.1424118331 0.3332339714
0.0530635535 0.9168437509
0.8687327943 0.7909557403
0.0247973983 0.9982679830
0.6916292549 0.6990781150
0.2521207270 0.3875107989
0.9291990010 0.4674532296
0.6933350321 0.4235843895
0.2171983641 0.6417013919
0.7385549569 0.6994479987
0.5373439696 0.4532483698
0.1456219653 0.4989640551
0.4499558878 0.4805961948
0.9780293379 0.5327756805
0.7816546551 0.6197649335
0.6735278940 0.5131804067
0.8497607239 0.0094903465
0.1739908327 0.7469704483
0.4910672135 0.8650188091
0.2783638205 0.2942619570
0.9153759147 0.1147296163
0.6897154908 0.7859178865
0.9842318654 0.2400753616
0.7713279582 0.9725863978
0.0750673702 0.3611755866
0.1805495087 0.3682725770
0.0109883254 0.0764084551
0.2523005413 0.1646245260
0.5950797989 0.3924015537
0.8172968635 0.5385870724
0.1277474474 0.2608665718
0.2408903398 0.5740321983
0.8113865872 0.3179738554
0.2354668355 0.9502339991
0.0321115820 0.5794708359
0.2726398175 0.9510450865
0.1645024107 0.7925687962
0.0746593492 0.4940600200
0.4168722861 0.7536574005
0.6385618914 0.1450472048
0.5399543145 0.8031868575
0.9583027070 0.7970270882
0.1777804004 0.9776340213
0.4865466501 0.9549485248
0.5113489745 0.7297519613
0.0188606761 0.2993843162
0.5777597249 0.8222447867
0.3910378271 0.2202463119
0.8161682224 0.1887997354
0.5630547090 0.1112511664
0.9338450884 0.0380589783
0.4987416448 0.2701914770
0.5116616857 0.3341735411
0.5795668471 0.6754161006
0.2807973638 0.4735440409
0.2088923440 0.5561643633
0.6841755204 0.0189509209
0.5528464891 0.5782507203
0.1792477951 0.4800606273
0.3229935255 0.0899050513
0.9110845109 0.6496715248
0.3337742015 0.6750351509
0.9361648097 0.8735846138
0.8511270625 0.0804593297
0.3826275060 0.2875408453
0.8566390409 0.4170827323
0.3716591786 0.1919434966
0.5853457607 0.8963684289
0.4545258884 0.0436400818
0.9359402420 0.1739309242
0.6221590319 0.4559884576
0.5149980024 0.3702342371
0.8798577707 0.6489807039
0.0692145831 0.6406028363
0.6452620399 0.1920862764
0.6939461536 0.9596710535
0.7989407364 0.7205857526
0.2150802401 0.2138719207
0.2477597636 0.7705976002
0.1550828544 0.2933052801
0.3913263231 0.0571031634
0.2553195686 0.2847257788
0.8874842538 0.1867710430
0.0892278889 0.8332820853
0.7124241133 0.5871700753
0.9471422981 0.9043326541
0.9741939571 0.6116107128
0.7540910346 0.8542989063
0.0493758769 0.7418510877
0.7867385570 0.8541916547
0.8715604157 0.5838430009
0.9802314902 0.7819378787
0.0970853436 0.9195617722
0.7627695477 0.3525701268
0.7668986585 0.4035523639
0.3029935987 0.0504008199
0.2221515245 0.6940572234
0.6313232210 0.5900837225
0.1391155882 0.0855938011
0.4325584938 0.6247875289
0.6528246730 0.5857990365
0.8530923599 0.2176104494
0.0847807487 0.0181553291
0.1650972019 0.9055089206
0.9053713167 0.5266016856
0.5126398141 0.6360515768
0.4818240910 0.1014267629
0.8769167099 0.8827921202
0.0734884326 0.1046064595
0.5971546980 0.0076812233
0.9869128785 0.4562087588
0.3460881190 0.9231008659
0.3071215492 0.3327225514
0.7655337162 0.7774468119
0.1007229657 0.1748703257
0.7762858542 0.2469292727
0.6135160499 0.6690864213
0.6174211474 0.8041105988
0.0130467834 0.1699768625
0.6092563569 0.0096450097
0.6953458457 0.2358099150
0.1996499554 0.0721622682
0.1365910855 0.6796429013
0.3965319470 0.8572314734
0.6560710721 0.8739853146
0.7867492726 0.6304491581
0.9401382231 0.0897688814
0.0732685325 0.2104985991
0.4502295579 0.6286752418
0.3846206643 0.1435566761
0.0039917377 0.2405053461
0.5201323919 0.5266160922
0.2742089526 0.1193631706
0.3637204012 0.6585019407
0.2932464713 0.7258130561
0.7067931453 0.4560855016
0.5559072914 0.0843964874
0.2334136566 0.4784112344
0.2981604340 0.2102582485
0.6724271347 0.3440254432
0.7444567928 0.1498493771
0.0652907112 0.6587124957
0.7318909644 0.2832809413
0.5522796887 0.1986639814
0.1282997142 0.9909602410
0.0761225456 0.5533100650
0.6841008316 0.1106711556
0.9499598772 0.3359307883
0.4550625787 0.8348192157
0.7646274697 0.0646268732
0.3444092565 0.4468056621
0.9911598408 0.6949092352
0.9148172081 0.7147366781
0.9782794104 0.9592721510
0.2423431509 0.8704963672
0.7617136907 0.5183659790
0.7687070018 0.1540516632
0.4573140498 0.2964548916
0.3640885617 0.5372417369
0.5192846240 0.0048940054
0.6098405616 0.2494707859
0.6023970312 0.4964563181
0.1023647709 0.4336863089
0.8722120624 0.4217780664
0.5113069098 0.1658873231
0.8769931896 0.2850438373
0.1533870482 0.6026111092
0.5817732727 0.9475113896
0.0312811613 0.8521234359
0.4632846342 0.2058852163
0.3192164391 0.8305834298
0.5604562079 0.2720550702
0.7592035838 0.0103408618
0.4814168560 0.7421037990
0.3244919332 0.5951303786
0.8407066242 0.8738197808
0.4391706363 0.4064146180
0.3870073666 0.3563461024
0.6458193341 0.7247984258
0.8158040307 0.4743987180
0.8688965921 0.7512565659
0.8447234513 0.9518183963
0.3194168043 0.8099718373
0.7153124731 0.8785860477
0.1606985671 0.1455033994
0.2290320497 0.8367768263
0.3863453308 0.9719475970
0.3817137342 0.5607702404
0.9011361720 0.3432477511
