0.3578299707 0.7524134883
0.0925086626 0.3142542519
0.0691283097 0.3601746059
0.1379124333 0.2777923249
0.2578142583 0.3103841136
0.3894935456 0.1063258506
0.7552117832 0.6911712904
0.4138959260 0.8609513854
0.2142016087 0.6529018792
0.3579929698 0.1668873138
0.4392584243 0.6430418871
0.3325921251 0.0029449357
0.0369293492 0.9911223913
0.1376009964 0.9670355790
0.9427630128 0.5588613595
0.0670407093 0.1243800137
0.7288876767 0.8869012385
0.4864169297 0.3395059968
0.2041899336 0.2795763445
0.2067464129 0.5625395315
0.6452041626 0.4946609711
0.4980768636 0.5264166948
0.0512388435 0.4143582843
0.9251310307 0.6621818339
0.9650542354 0.4222131442
0.2979017477 0.3771917625
0.9516481593 0.6328025141
0.3764245113 0.5194647448
0.0404782664 0.5391661128
0.5691110711 0.0673301077
0.3403051653 0.0389012814
0.9676892074 0.8102548374
0.6490078291 0.0569561865
0.9154188484 0.0531249119
0.8725691754 0.9318315321
0.6466118793 0.6102480419
0.7009005287 0.9188007951
0.8480188147 0.7516601133
0.2933338317 0.6579095194
0.8608573794 0.2255376781
0.7323967026 0.3675035043
0.1771300488 0.3658170126
0.1214280292 0.4807487303
0.9382002595 0.3493591239
0.8187781599 0.5843553559
0.7101127738 0.1393271994
0.1320942225 0.5408352535
0.6130726529 0.9363545155
0.7944983698 0.9957532845
0.5559898342 0.5587242418
0.5227313242 0.1645666605
0.5955961722 0.6554976091
0.8810800903 0.8416824234
0.7757137151 0.1305894405
0.8325155076 0.4894802731
0.5750814171 0.5990543252
0.0052593760 0.7021737853
0.8694940898 0.5511441206
0.4844065650 0.5050300385
0.5747708025 0.2250145425
0.0601360372 0.9403576708
0.5370371203 0.8976562394
0.0162653365 0.1642644023
0.7524218665 0.3544850879
0.2392730307 0.1463520349
0.1088564253 0.9139251873
0.8888989200 0.3039088191
0.5239097237 0.7663660228
0.1709616074 0.1553147965
0.1623720940 0.6728629026
0.7477578151 0.7666478436
0.6498298225 0.9600492278
0.5100740011 0.9734826338
0.4187763916 0.3297182729
0.7470785818 0.8228467955
0.2655000425 0.5839450814
0.9554696394 0.3199554762
0.8162673965 0.6801992620
0.6879449087 0.7447608987
0.9621508883 0.4421067928
0.4603422283 0.0900032327
0.2439486851 0.9881422613
0.8611686060 0.6568411346
0.1353868849 0.8135866156
0.6533856521 0.3627735482
0.5513125066 0.0109443352
0.4345760382 0.7472603405
0.3078743149 0.5563063950
0.8706012276 0.4378581310
0.1553154131 0.2243008492
0.5423390834 0.4741290885
0.4886280368 0.6871094472
0.6135711227 0.3999224302
0.5577202606 0.9164626126
0.6997124417 0.2589383186
0.7511336598 0.5492958008
0.6265947626 0.1136871203
0.6817915552 0.4208928037
0.7217748601 0.6422547689
0.3444186389 0.7731046396
0.6660739929 0.6772278050
0.5387214443 0.2902050246
0.9481965472 0.7457625545
0.5667770338 0.6933543868
0.2577748726 0.8673605409
0.2017325400 0.8710446177
0.0157007208 0.0621074798
0.2817109039 0.9526766433
0.0156945630 0.6196709729
0.5122542319 0.8434901896
0.3493318573 0.3945288159
0.8559608876 0.2087127474
0.9956533202 0.8668717712
0.2599721650 0.2318481891
0.9308207853 0.1471431661
0.7970692464 0.2863448342
0.2143253685 0.0533704506
0.8595732356 0.1177160774
0.0467250091 0.2090970960
0.9620472580 0.2388007213
0.0161986402 0.9248107538
0.9034123425 0.1025967302
0.9685764744 0.5036638575
0.0744638990 0.8553399755
0.7767869772 0.0549355157
0.7253913077 0.1813778549
0.0347397564 0.3026705222
0.0659792753 0.5807660891
0.6800598733 0.9873066073
0.3999962261 0.3547085914
0.6070721955 0.8234318821
0.3292196692 0.1130392184
0.2782391173 0.7089975689
0.4393597604 0.9673909580
0.1142837752 0.7244075059
0.1957637669 0.8375831282
0.2286693784 0.3910965313
0.6171554199 0.1644614208
0.4983774540 0.4185233923
0.9488694526 0.8333056874
0.1297324567 0.4206356795
0.5287278529 0.7707796403
0.1119601070 0.2012242847
0.2351157850 0.4882498281
0.9620285734 0.2319643733
0.7042180982 0.0499017306
0.9405327424 0.9472265778
0.6879606308 0.2742137435
0.3412843870 0.9154848575
0.4373626721 0.8108726357
0.3052341568 0.2862392810
0.4843452999 0.2467198556
0.2028554546 0.7452029950
0.4704534699 0.1759326843
0.1679449003 0.6169829672
0.8743351480 0.0109472586
0.7712018273 0.2316447305
0.7517605617 0.4850989047
0.4648903862 0.6092727978
0.1594978094 0.0882288602
0.0900425172 0.7639270248
0.2995207922 0.4528324985
0.3919492003 0.9841313174
0.8188776549 0.9303762318
0.4234617966 0.9006455328
0.4257435742 0.5560769988
0.8107264364 0.8121874694
0.2444395167 0.0677013338
0.6754957064 0.5403256300
0.3605286257 0.6179164884
0.2301995070 0.7689363793
0.5628890797 0.3866387678
0.2622362436 0.1522875419
0.8132868090 0.0855873291
0.1106044120 0.0764367646
0.6103811652 0.7629279039
0.9024439424 0.7301475543
0.6584860161 0.8277969640
0.8386829732 0.3369022440
0.0496727301 0.4941496845
0.8780497342 0.5437851710
0.3882204184 0.2189905535
0.3519223801 0.4917957546
0.7991468666 0.8988133687
0.4241089700 0.2533369293
0.1724919435 0.9445724660
0.8220188244 0.4103890930
0.9682877419 0.0358984972
0.5991296818 0.3390474070
0.3046344095 0.8268046994
0.6035682866 0.2782586764
0.2000457997 0.4853451851
0.0397314798 0.7799431160
0.3454689413 0.2916995580
0.3855745621 0.6801221780
0.7013036351 0.5385414044
0.5444723577 0.0922864504
0.0851762563 0.6574913410
0.4280281111 0.4337276512
0.4281843079 0.0402216444
