0.8912806389 0.6319525441
0.2453919202 0.7802931066
0.8317427538 0.9188030478
0.0983637391 0.7885859160
0.1464981232 0.0180918920
0.6913283048 0.1754735403
0.5449959429 0.4304820833
0.1759156067 0.1935372241
0.5782473546 0.0574011854
0.6681734157 0.2649079492
0.2365467055 0.6703416740
0.7933675920 0.9720682046
0.9250869483 0.9157967378
0.4488348279 0.8255039054
0.4051661538 0.4000664401
0.4537041904 0.7476639607
0.2895287663 0.0954454287
0.1161643585 0.1131168458
0.4159293990 0.2441011309
0.7747470689 0.8495298481
0.3464262991 0.4406121372
0.5060327008 0.6820728443
0.1451380722 0.6557670066
0.6577541876 0.0594578240
0.4644485708 0.1628690133
0.0944646864 0.9147345057
0.1705912248 0.5946613664
0.6878534882 0.8218996334
0.0964634218 0.6546685166
0.1327358184 0.4105257098
0.4089691399 0.1252588290
0.3021870049 0.2896629402
0.6467293599 0.4032307498
0.5390319543 0.2762224244
0.1868386258 0.4700279861
0.2652053347 0.4622577072
0.1676048954 0.3596875102
0.6438183915 0.4278509638
0.3992006300 0.0526785953
0.2342418723 0.9933149683
0.7301446909 0.7391656894
0.4530055500 0.9339414562
0.7840239126 0.2799124080
0.5887010217 0.8573655693
0.5244361026 0.8853161585
0.4578135196 0.9129758148
0.7144312036 0.1428854009
0.1674547852 0.9250684013
0.3906292191 0.8762484238
0.3629118972 0.1585916853
0.8897997048 0.4303356013
0.1779560120 0.8196832715
0.5293193281 0.7870648848
0.9310964506 0.3507430678
0.4990475669 0.0649938530
0.7212306326 0.4719595757
0.0770345661 0.0948173209
0.0400678579 0.0666194165
0.1160804023 0.5634981141
0.3970851774 0.5835628900
0.2765172534 0.2154917102
0.9948769259 0.4501024224
0.2941066036 0.7256030778
0.8713309932 0.9637110266
0.5679560699 0.9830267653
0.8329365039 0.4962212927
0.0610029131 0.3815451573
0.6734731461 0.9242000903
0.2539988245 0.5436732333
0.5856264774 0.1308639122
0.4462808996 0.3416430388
0.8744669698 0.6853647385
0.2136176363 0.7312817637
0.5120106218 0.4113360188
0.6548273832 0.6868759389
0.4645745720 0.6396311588
0.9804218177 0.8586257047
0.5381616029 0.7038404046
0.3828635655 0.7001281409
0.7613846420 0.5519328703
0.3386563769 0.2287063903
0.3681741486 0.7810854526
0.4963239506 0.5373127853
0.1476717378 0.7448118003
0.2181915381 0.3993691614
0.2330809211 0.9563970849
0.7072621918 0.9492821346
0.7936094545 0.0582454561
0.3004591175 0.9309707653
0.2550334238 0.0296202349
0.0559806240 0.4514283404
0.6968826198 0.5990469780
0.8293472310 0.3787570242
0.4362275879 0.4387287451
0.3551643181 0.6476775575
0.0530597401 0.6866251504
0.2136383150 0.3047721473
0.9808024936 0.9833346433
0.2512474617 0.6163196290
0.8820363852 0.0935809128
0.1695297462 0.2559875990
0.9243561907 0.3125683048
0.7669265196 0.2062066676
0.9307891501 0.0184775655
0.4929269123 0.2212669583
0.8750540150 0.1029026536
0.6654137290 0.6392207085
0.0725712765 0.9984261200
0.7030468006 0.0439666890
0.7960064563 0.4592602818
0.3259426852 0.1533813721
0.4915557583 0.0882108819
0.3952528807 0.6972844174
0.8826773388 0.8363556059
0.7408700846 0.1014855558
0.7509176846 0.6666943708
0.7519610636 0.0033866601
0.0074154666 0.1419493509
0.0902875381 0.5063052714
0.9535166015 0.1701125971
0.3085681242 0.7993426199
0.2053948070 0.0831161634
0.5790530717 0.3370982193
0.5332360293 0.7949815541
0.6521643320 0.8134867536
0.5331429713 0.4957967804
0.4351263018 0.0033134932
0.1722816171 0.5263276126
0.9687620696 0.7052586865
0.3270358781 0.0343334889
0.7300333475 0.3731333601
0.0437826847 0.9742128115
0.3882415762 0.3275449568
0.3632770807 0.9710460244
0.9262362166 0.2639451852
0.8242402350 0.6051108496
0.9767606641 0.4193135651
0.2215920246 0.8600253659
0.8895303822 0.1725382632
0.1508473724 0.1432337189
0.3211521670 0.4913533719
0.3385015150 0.5890506674
0.9463232500 0.8261817443
0.5406977393 0.6002463844
0.2825115436 0.3954704869
0.9178595359 0.2259386137
0.6448994087 0.7626853459
0.2551869009 0.2927937216
0.3682618397 0.8772472955
0.7796384155 0.7895441588
0.0884600758 0.8785861935
0.0298222743 0.5655289371
0.2904064007 0.5764381630
0.6037013691 0.2278163939
0.9126276214 0.4750113780
0.4492770671 0.5513440752
0.8000574347 0.1462873167
0.0384545589 0.3261674586
0.8105678221 0.6516931382
0.4726294573 0.9940681253
0.6774785039 0.5103351592
0.6063798226 0.1158302060
0.8869515620 0.5501160715
0.0420070807 0.7491244678
0.0715427497 0.2044139554
0.2258892239 0.1306990290
0.4251865011 0.4908004885
0.4725069225 0.2949130970
0.9997685688 0.2178137691
0.6006106874 0.7525490758
0.7522706948 0.3435604050
0.1292869972 0.2938147996
0.0162858253 0.8931125807
0.8100061360 0.3944724972
0.7103233725 0.2988150834
0.8305510662 0.8306265426
0.6132540676 0.6214612454
0.8706312646 0.9844510157
0.9693954539 0.0672079931
0.9527552444 0.7570479979
0.6136636757 0.2082275104
0.5918853315 0.5588583337
0.8393608568 0.2849556595
0.1067599068 0.8365967721
0.3480027693 0.3319250019
0.6008558308 0.9003172643
0.9418614757 0.5688664161
0.5985039525 0.5001697417
0.0208093981 0.2933485680
0.9844636371 0.6613906708
0.2895794206 0.8709400708
0.7519496449 0.5530687976
0.0083186036 0.6081270496
0.0933445906 0.2515636861
0.8858189892 0.7543046315
0.8337005304 0.7521604189
0.0081946742 0.5196317781
0.5482127454 0.2854535815
0.6210155618 0.3530624477
0.6468268134 0.9856673398
