0.6916520290 0.4003960027
0.4923442988 0.9820988662
0.9073208727 0.9286247530
0.4941842788 0.6945964600
0.0817495336 0.6446737299
0.7857764222 0.6397114983
0.2587698888 0.2389688134
0.9984886948 0.4880407249
0.0141116422 0.9068422014
0.1470381126 0.0377398622
0.0107099220 0.1503308531
0.0514867141 0.0865800505
0.9369114606 0.5872436584
0.5407376140 0.2618778152
0.8527991639 0.0622394914
0.4658389841 0.7442288555
0.4172770193 0.0231238825
0.2155144868 0.5098720247
0.8661378821 0.4256268103
0.3529001992 0.3148146157
0.6314743604 0.2315271731
0.3088964834 0.7874084633
0.4186315704 0.9006337473
0.1656672551 0.3830421078
0.8562900094 0.8653773501
0.8375193651 0.7999399256
0.5854940728 0.1979275372
0.2362336590 0.1142940543
0.9545939137 0.4216948189
0.9518690229 0.3781842099
0.5976305680 0.8396152571
0.0497828154 0.3108776944
0.1581257682 0.9239839165
0.2206083306 0.9584026119
0.5512619642 0.9067819917
0.7936438237 0.5915071846
0.0298138129 0.2757124278
0.8637460575 0.3484084374
0.3359600630 0.5661187895
0.6803068123 0.6181226443
0.5442333383 0.9980782682
0.0115433561 0.7986527376
0.9024702747 0.5892095045
0.0940805430 0.8897226984
0.7598292093 0.7331068863
0.7552575350 0.4157765844
0.5931192797 0.6358684957
0.6452312667 0.9837177932
0.4537923667 0.6534667460
0.1930727290 0.7324099814
0.8885740105 0.6795489546
0.4656944024 0.3476085226
0.3525533742 0.2020756131
0.2152872596 0.8510045904
0.4922423946 0.4168887259
0.4520512448 0.5394380528
0.5674439144 0.4131771482
0.5451989091 0.5134665720
0.0613866179 0.9461922252
0.1154188837 0.1266754693
0.5650090208 0.1463164263
0.7870478991 0.7034041195
0.7084694330 0.6656636443
0.3158482956 0.8386956523
0.0771155158 0.9972603315
0.4905895323 0.2042930183
0.1585372309 0.2110273759
0.2083991936 0.1078555918
0.8820483165 0.1583181208
0.7535724279 0.5388273135
0.6765188906 0.5266841350
0.2546493322 0.9191481304
0.4238190070 0.3231173914
0.6146281158 0.3266871916
0.2117804032 0.3094353847
0.8232783119 0.4020250266
0.7190661664 0.2127143895
0.2001726146 0.5060484259
0.9909190069 0.9721970775
0.3074562665 0.5069356227
0.8570012447 0.7345652987
0.5814951665 0.2932742421
0.5230652193 0.3440359672
0.7695436237 0.3195291907
0.7340991765 0.8041618756
0.0218981285 0.5393965724
0.3849604838 0.2584510235
0.3254482939 0.3323787065
0.8995524907 0.2918332821
0.9089458982 0.7763534501
0.6761146332 0.6993308545
0.2392470659 0.2002766230
0.1738687827 0.5566380971
0.2746457420 0.3907472615
0.8156831863 0.2967235928
0.2430729750 0.0197966404
0.1543669296 0.9981376886
0.4327381553 0.8218100890
0.8557971803 0.5801862166
0.6963390943 0.1014271918
0.4875021614 0.5115524007
0.5587585696 0.0863361074
0.9642180906 0.2232086824
0.8845222868 0.0852946012
0.5463636860 0.6226354456
0.3553978111 0.9599608258
0.4639154042 0.2556668789
0.8170778375 0.2046595188
0.1413242594 0.8051373815
0.7252304917 0.0305074991
0.2010323085 0.7464477035
0.5015117172 0.5751227877
0.1001799328 0.8185996245
0.6647779854 0.3506054803
0.6871059172 0.2767000820
0.0036693210 0.8461153963
0.1912312569 0.4334047421
0.3005116725 0.1669451372
0.3799910492 0.4195893867
0.0991948562 0.3555823913
0.0720616809 0.7416441650
0.2723326261 0.3070514491
0.9510473339 0.6737210694
0.4571884317 0.8353481938
0.4875176105 0.9061266550
0.4072289378 0.5679721461
0.0945871591 0.4688431770
0.3050158445 0.9759354269
0.6037064475 0.0154360442
0.6028754628 0.7270699127
0.6602204216 0.4934380656
0.1553179600 0.2930258175
0.9489772279 0.0530831094
0.9492487737 0.1301927458
0.8012682994 0.4927882343
0.7815112407 0.8833048138
0.7766321679 0.1709854258
0.0660082809 0.2025544618
0.0284192184 0.6458068865
0.1040919361 0.3773873727
0.7843992442 0.8250421854
0.9288377034 0.0126791916
0.3271634063 0.4354171778
0.2302611555 0.4417357351
0.7681598816 0.4358188580
0.3210487902 0.7379177994
0.3739451495 0.6476264663
0.6160993070 0.4166975955
0.5847113917 0.4923415844
0.1444084543 0.6274636295
0.4495666153 0.0735277629
0.5373247308 0.7245676206
0.3850567813 0.5008805953
0.1246784394 0.6995309372
0.2358684195 0.8516838547
0.2970291672 0.7024464753
0.8689711368 0.5103825712
0.9985123580 0.7391158812
0.9088063992 0.4787826575
0.7006803827 0.8056657926
0.8249576913 0.9504900245
0.2622024428 0.6042641625
0.5368842115 0.8099012848
0.7284808734 0.0837104330
0.8460327882 0.2395035183
0.9477630762 0.8858815459
0.0840597462 0.4877034979
0.6592123375 0.8475869476
0.4380464562 0.7858867646
0.5218458993 0.0839987415
0.3012079757 0.0632726190
0.6122402110 0.5611915981
0.3021511382 0.6385751587
0.6881081082 0.9087061049
0.3993402599 0.7125374735
0.1351122999 0.1182213709
0.4198432628 0.1737638090
0.8850062399 0.9346101511
0.8001235824 0.0083537031
0.0311811269 0.3892056262
0.4372795607 0.4284681879
0.0215647339 0.0525024318
0.7439822669 0.9575919687
0.2363207381 0.6749109718
0.1193225167 0.2294690249
0.3267430124 0.0938313715
0.9644953009 0.2808935192
0.3816066795 0.1166001403
0.6755454203 0.1761686960
0.0470085167 0.5687594926
0.9712955640 0.6586541434
0.9297510839 0.2129289281
0.6189360540 0.9185817875
0.6379128346 0.0702032209
0.6514892529 0.7593424032
0.3710192673 0.8861610721
0.4723386936 0.1432548308
0.7843809539 0.0929007213
0.3932047569 0.0089783363
0.1752656848 0.6293166591
