0.2557168291 0.3658972612
0.9268597151 0.7874316270
0.3599996037 0.6208763034
0.0023315488 0.8637556969
0.7415362100 0.6606271385
0.5448597723 0.6037468692
0.0900614456 0.2048510690
0.5283886319 0.3510195045
0.3864540918 0.3267617194
0.0414427099 0.5814797290
0.8882259753 0.0545514526
0.0948422806 0.9037451940
0.1289032866 0.8075405368
0.7914201713 0.9988843524
0.2828016061 0.4595400024
0.0687843290 0.4453001163
0.9458877850 0.3662755757
0.0072988463 0.4735019931
0.1617397221 0.2204008271
0.6479999014 0.0359501847
0.7681565293 0.7448844022
0.9706711196 0.0635468610
0.5867123408 0.6316049971
0.9406063244 0.3237101436
0.3573477618 0.3888299144
0.5491790438 0.9378230327
0.5355857767 0.8030769765
0.9603947094 0.5088565832
0.2163361566 0.7606222748
0.6953457226 0.8229771336
0.6522823447 0.8805462476
0.9918278414 0.9759158143
0.3209688515 0.4855708611
0.4580193715 0.5160951413
0.4517399410 0.1411389923
0.1182787293 0.0066803244
0.9584417678 0.2355476430
0.7066829420 0.4142907813
0.4499400287 0.9093102128
0.0174638612 0.1293837088
0.5801375268 0.2312045370
0.5152032501 0.6971320679
0.3058819060 0.2340842820
0.3302960009 0.8174749970
0.8680059475 0.4022578022
0.6240404211 0.1937896923
0.7023599042 0.7101647420
0.7959742436 0.9141836781
0.4464416516 0.5951301540
0.2795419607 0.6477615158
0.7494388445 0.3703049053
0.0141868209 0.3862029213
0.2417716843 0.4157111393
0.4354496091 0.3521460242
0.8358781764 0.7666503907
0.6976860522 0.9198311536
0.1552825970 0.4921976018
0.5035140875 0.4709984833
0.7169068485 0.2009719754
0.8637082213 0.2468318173
0.2692501158 0.0333302498
0.9643099868 0.9649931537
0.4322401671 0.7499443400
0.1754828155 0.6134788281
0.6544081575 0.4862253149
0.8503641521 0.7028624769
0.6836594125 0.2884087326
0.1008649260 0.3704051208
0.8182806877 0.4072584609
0.9336376021 0.2383139678
0.1355448496 0.2934340074
0.6542668729 0.1085237826
0.2098898878 0.2069235733
0.1228907933 0.5327439114
0.3113436786 0.0536094159
0.7346372815 0.9536982337
0.7798614105 0.4544914619
0.5297271664 0.9648611811
0.3437958419 0.9772180362
0.4253163924 0.5005024798
0.9583913062 0.5337037422
0.8795861410 0.1276551917
0.6702740332 0.5574239325
0.2265070224 0.0779836476
0.2096315676 0.5877292726
0.1603480544 0.0061157012
0.0260700829 0.2714165929
0.2483101400 0.1290203865
0.6316908710 0.9517037587
0.4469873150 0.6551146152
0.7447192884 0.2481219023
0.9680866402 0.8489747553
0.0739266695 0.5397776266
0.2884039429 0.8076930694
0.7323117184 0.5180998484
0.5139397453 0.5561840617
0.0524529488 0.1880825076
0.0485098765 0.3386317228
0.1701356471 0.3772675715
0.8614742625 0.3007485753
0.7575572609 0.1240064527
0.1689929074 0.8109765121
0.3050770819 0.7308723897
0.4720880087 0.8011435555
0.3855497791 0.7058150372
0.8304200655 0.6259694750
0.7602893702 0.8464324995
0.7016379656 0.6118001475
0.3475677616 0.9005811198
0.1343797934 0.9165948410
0.0727940053 0.8211724002
0.0441784134 0.0388487999
0.5283938390 0.0805099560
0.4347334347 0.4177422228
0.2242672247 0.5052864454
0.1191669348 0.6026275277
0.9732326612 0.1620318752
0.0472979227 0.9454468104
0.7755675714 0.5896999515
0.6633018243 0.3773336947
0.1469676237 0.7114802413
0.6850908267 0.7383614814
0.7731471152 0.0604326417
0.4788103808 0.4222653033
0.3185991921 0.1929465997
0.7986648175 0.2566340350
0.0775450365 0.6873510452
0.6290722734 0.5671742089
0.8929244293 0.9743727735
0.5800109179 0.3106511336
0.3849198831 0.0803323797
0.8718108088 0.9059122966
0.1894426469 0.9038646223
0.7664107927 0.3693300926
0.9871224399 0.6214257143
0.6548460594 0.7890262862
0.4747593460 0.8805402153
0.2076345621 0.8309313821
0.5862872311 0.5014457607
0.8740400845 0.6946738061
0.9305300149 0.8960182303
0.3419455778 0.5219819230
0.6007454763 0.8739620287
0.9322382262 0.7586573040
0.2424548973 0.2805360268
0.1540936625 0.4338572544
0.4923468194 0.2993200203
0.5105536634 0.6831962633
0.1467834519 0.0927813735
0.0817207858 0.0831604728
0.6283704478 0.3977584837
0.8309247664 0.7976959241
0.9391850679 0.6632142031
0.2877010628 0.9009717123
0.5394402632 0.3673410529
0.6492793598 0.2965535859
0.5628948584 0.0468633993
0.6307063287 0.6801428561
0.3066479720 0.3668167719
0.8592164638 0.0196703979
0.3903310916 0.9885937715
0.2721272845 0.7221504723
0.3705743564 0.7928415462
0.8425740358 0.5565326278
0.9928390098 0.7202746001
0.5226433521 0.1388751168
0.3028791850 0.3024672253
0.9409083728 0.4257887241
0.8002715707 0.1265736873
0.1984510956 0.6696507077
0.7156955779 0.1596815909
0.4365117966 0.2393072482
0.2386856429 0.9456572136
0.8417583356 0.1901918596
0.9139531194 0.5837296395
0.6226642116 0.1258324778
0.7203016920 0.0166126461
0.4082643140 0.8740710569
0.8861348184 0.4938376960
0.4536759505 0.0594196503
0.5216692511 0.1865530824
0.2494992274 0.1631807629
0.5848578319 0.7527335190
0.4669082137 0.2457908438
0.9224193860 0.1294019407
0.3417025274 0.1158684495
0.0580749441 0.6514347859
0.5845012355 0.4585836968
0.1405616630 0.1382756056
0.3720737094 0.6047395582
0.8388742163 0.8606456142
0.5476684292 0.8309585346
0.2452228375 0.9819874084
0.6050774100 0.0242810531
0.2947427213 0.5609523089
0.4750353923 0.0082279850
0.0743315500 0.7490848914
0.8159495285 0.5332450239
0.1207208063 0.2696573047
0.3917368979 0.1936750098
