0.6207165366 0.3759115004
0.5407977920 0.3823537729
0.4180176799 0.0782711954
0.2737130738 0.1208901630
0.7458895428 0.2309134212
0.3128365406 0.9468612505
0.2414814475 0.1943263062
0.6475736822 0.1993728847
0.4267587455 0.1724860483
0.8179373043 0.7310134576
0.9298752942 0.2070570379
0.2493231972 0.9873031703
0.1842797571 0.8199317399
0.2267226060 0.6930108866
0.7396600051 0.9444448730
0.1043475858 0.7067548023
0.2871717966 0.6706622960
0.6011260622 0.3341191185
0.4810462230 0.0155920002
0.7168642673 0.5204386850
0.1192900108 0.8261056425
0.5144056330 0.9310010243
0.8114619812 0.8169256349
0.7196917648 0.3368613559
0.8947727348 0.6383172800
0.4517923142 0.6034319041
0.7588003289 0.5837921831
0.0879697845 0.6125044440
0.6154752517 0.5142919765
0.6167285598 0.9994487426
0.5517768372 0.0904210203
0.9389702945 0.9124939525
0.4524228022 0.9172031128
0.9526168831 0.0945321957
0.2251398606 0.7758892212
0.0071730101 0.3545248112
0.4599969359 0.9655286136
0.7679447460 0.4970690127
0.2174069935 0.0908181210
0.8783939415 0.5472770460
0.4953286765 0.8430210034
0.8954782091 0.7070225996
0.5520296768 0.2756556382
0.7008205617 0.4034966001
0.1684010972 0.6580178836
0.6318878732 0.4538647502
0.2536684344 0.2949661469
0.4692136027 0.1173470077
0.2080877282 0.8716317025
0.5632200876 0.5777898220
0.2809836129 0.0425115038
0.0771637226 0.2408388318
0.8283634749 0.9823623928
0.6179118277 0.6017412097
0.3945879851 0.2193327925
0.5583498486 0.7091743599
0.9462163719 0.3095721094
0.9925242069 0.4660088569
0.9456527358 0.7841512691
0.3794404741 0.6680484273
0.7583203421 0.7800573228
0.4584312577 0.4942767230
0.2749950677 0.5326667296
0.9593498472 0.4041386252
0.3574480761 0.5291749992
0.1596090801 0.3440685851
0.8770222372 0.1507294002
0.3760023105 0.9193800605
0.8284580108 0.4199358691
0.4464081519 0.3041399660
0.7849934324 0.4545959048
0.6193241901 0.9286797776
0.2515671297 0.9130208704
0.3461093896 0.1489321805
0.3103088368 0.8392752896
0.7346777365 0.1223480099
0.8804718533 0.5301103632
0.0425185966 0.8342626561
0.6517968241 0.8328445647
0.2220135882 0.8974003925
0.9910192395 0.4900239690
0.3532497612 0.4214076480
0.5342828494 0.4578006502
0.1610782836 0.0745089853
0.7079705992 0.1094050767
0.0100924488 0.6738864410
0.8312173075 0.6352419646
0.0823002051 0.7087889008
0.3037061331 0.3220680203
0.8554240041 0.2427091861
0.6503176899 0.1121378014
0.9563868133 0.1651501619
0.2295479798 0.2340543366
0.9716829493 0.0507270560
0.4145951453 0.5917594480
0.7002975457 0.4738972144
0.4982682588 0.0886254097
0.6770768368 0.0241850668
0.5251537782 0.9155314864
0.2533019483 0.3733862063
0.3593906840 0.9985636178
0.8204683494 0.0477988709
0.6258474350 0.7759035423
0.6892270121 0.8737701614
0.3624766882 0.0557799689
0.9027558626 0.3795217846
0.9657590627 0.5829258428
0.8846430676 0.4502273600
0.5633381380 0.0613622494
0.5547834269 0.4899973054
0.8308617376 0.1683208194
0.0110374475 0.5363734662
0.5407612710 0.6274253656
0.4872476795 0.3964854157
0.5948192917 0.2463615370
0.3737456857 0.2881859602
0.0479922333 0.8122022982
0.0947236495 0.8922871862
0.2463533159 0.7576301620
0.8834892888 0.0830404515
0.1500983618 0.2171636296
0.3121870492 0.7088041663
0.0788247580 0.1382592379
0.1649773542 0.1506785497
0.3348238892 0.7692386019
0.3701262571 0.7041001001
0.7109171709 0.6465738428
0.8044841153 0.5829035806
0.1665698121 0.4208089359
0.9798047830 0.7097671575
0.0838688376 0.0786596840
0.9619625489 0.6055088446
0.3266233131 0.2397301667
0.1490583334 0.5286242254
0.1886796023 0.3092047202
0.8817597390 0.7890078771
0.1740029230 0.5881098965
0.1092622857 0.3789269728
0.0670073070 0.3328664939
0.2267069429 0.5410223128
0.4815564319 0.3337197472
0.1174533895 0.0316380564
0.8776084552 0.9048049206
0.1506434679 0.9568380282
0.1403759359 0.7793134552
0.8150303395 0.7138436999
0.5515227261 0.7668101773
0.7926868756 0.0914625372
0.6952655242 0.2216642745
0.7894933001 0.1957411581
0.7622799539 0.0306779612
0.0706332947 0.5839075218
0.4966693493 0.2240027689
0.8856280852 0.0101927378
0.0948279103 0.5156272541
0.3315368700 0.6019076719
0.1017397520 0.2029725853
0.8089043552 0.8806962941
0.0794987541 0.9659493815
0.8574707123 0.3510423197
0.9718832555 0.8607378410
0.5872968650 0.8935366178
0.9937459778 0.7789529275
0.3972944006 0.9342250449
0.7497930438 0.3287531710
0.5637956921 0.8254190758
0.2474572978 0.6252644595
0.0307721307 0.2770659759
0.6131087059 0.1479267396
0.1588279435 0.4604007516
0.8691492211 0.2842747063
0.9574938289 0.9653965119
0.0294524450 0.9639728560
0.8850935434 0.8369832702
0.5228759135 0.1699516490
0.4445200691 0.7150115798
0.3923295764 0.3858205991
0.4852518928 0.6881539844
0.7949981077 0.3287146724
0.0575476879 0.4453689928
0.6564874361 0.2891268232
0.7079737633 0.7582189490
0.5925544512 0.6806883138
0.0354807082 0.0629317382
0.3999833247 0.7610574656
0.4334631256 0.8334717695
0.6933662634 0.5568514499
0.7257118552 0.8513357925
0.7285811742 0.6972270973
0.0179403093 0.1571561967
0.2712861847 0.1489238651
0.3476614193 0.4678023136
0.6844711985 0.9707738276
0.4364251267 0.5699822628
0.2441171104 0.3955363882
0.6617765246 0.6630428437
0.9766756305 0.2358760523
0.4196544043 0.4272144961
0.3550048684 0.3090036756
0.2657710165 0.4668712340
