0.0038486002 0.2210343667
0.0088934266 0.8389989737
0.7626896600 0.3840225860
0.3571567428 0.1420187073
0.0608546081 0.7294758533
0.2179050715 0.1958532395
0.5958318867 0.7970683088
0.2276027195 0.3822672556
0.8845652846 0.6126760941
0.0203992708 0.7571420437
0.4339580124 0.5389477925
0.7402093366 0.7117896250
0.8562159261 0.9887442854
0.8038749711 0.5690843158
0.0103392811 0.3514382811
0.7425774646 0.0564620139
0.8555904117 0.6526336879
0.9048825923 0.9369991237
0.1193590500 0.6416436644
0.1804095790 0.2844288140
0.6099880166 0.4130723810
0.8805603496 0.2981238722
0.3975748942 0.2512322338
0.4150556007 0.2406332343
0.2200393959 0.8086022441
0.2241967633 0.3273667328
0.9043651762 0.7106669195
0.5899205894 0.1958889612
0.5918045579 0.6506818141
0.4013652022 0.0803704460
0.8175893890 0.8259169836
0.4456690993 0.6167322964
0.3701631902 0.5403828651
0.8596420830 0.4037587856
0.4593154856 0.3675848089
0.8926951660 0.8260068422
0.6645474168 0.5883552609
0.0093381652 0.4890650121
0.5107561420 0.6140471324
0.2696801264 0.0548461940
0.1413521444 0.3540792437
0.7334215434 0.8932349313
0.3805481953 0.4598142255
0.0238419415 0.6811947779
0.1746001961 0.7391660604
0.8379012062 0.1878699058
0.5387627676 0.5632033165
0.4378665884 0.4231839977
0.6829053726 0.3525389732
0.0889016280 0.2907055000
0.4078077314 0.6542201410
0.1893540261 0.4976049602
0.7435229174 0.4283126859
0.1794792082 0.7989692620
0.6463271210 0.3704886449
0.8882371192 0.5139147864
0.0433377624 0.4374101820
0.7597699775 0.1523745990
0.6295312382 0.1056441288
0.4868545409 0.7032451008
0.2577062290 0.6969420242
0.8745093962 0.4976404001
0.4671792238 0.0063239913
0.4982985525 0.7952965559
0.1037024575 0.5643766490
0.9100475013 0.4105561607
0.3027362796 0.5920041608
0.6230197421 0.5057232588
0.3615678701 0.0008659032
0.2822631650 0.4914892940
0.2591126293 0.9036027924
0.5106894672 0.1606054762
0.2983065758 0.9967434024
0.6911264811 0.8256561533
0.0556522876 0.3823138093
0.3202160535 0.1124555721
0.4125875242 0.8953201392
0.6651417558 0.2206553021
0.7294842665 0.7959969497
0.6027146957 0.0289461770
0.3575249680 0.5970317738
0.4988264135 0.0100348038
0.2461703923 0.6286786448
0.4820924045 0.5110842473
0.6575913021 0.6760045979
0.1568429849 0.8802201431
0.0974593817 0.6746038230
0.1767957362 0.1077748030
0.1679872218 0.6798105116
0.9733510387 0.7825467526
0.8217631166 0.7611939693
0.1765544231 0.2333649142
0.5068558021 0.4575578697
0.8023354469 0.9407088183
0.6577377278 0.1245376292
0.7866229455 0.8661723246
0.9809421426 0.6016848643
0.7096744035 0.1337898076
0.5418150877 0.1030157498
0.6953126832 0.9589098991
0.4566757361 0.8222410930
0.5244037460 0.8924139075
0.1756794115 0.9867540257
0.1851083161 0.4287843586
0.0994625388 0.0115627255
0.1137737214 0.4090485542
0.8945544304 0.0389339066
0.1076942580 0.2196433689
0.8204765213 0.0802057294
0.9507760245 0.1248317328
0.3773357611 0.7569984701
0.4831762382 0.2496944729
0.5147052505 0.2026969862
0.6576936753 0.4761842727
0.3397139805 0.4845462985
0.3202123561 0.7286538450
0.9846406883 0.0976646911
0.0388116675 0.9732016274
0.4326494323 0.9285983559
0.5768401185 0.5071237060
0.9228107243 0.3329279099
0.1671804511 0.5753673286
0.7377665687 0.6293899356
0.2228165977 0.9614129330
0.0093098640 0.9111962379
0.9148761568 0.5734925919
0.8877273442 0.0858232470
0.1609174906 0.0327427163
0.3625131944 0.6756641116
0.8168407481 0.3181581134
0.0260350504 0.5676993356
0.6574118604 0.8731246561
0.3178829339 0.9396646655
0.8444390809 0.1454864437
0.6873238770 0.5677477815
0.9427174778 0.2043885768
0.5661465404 0.3419567541
0.9463475835 0.0142800234
0.0302386767 0.2857341239
0.6434596044 0.9600737932
0.7306415022 0.2359236916
0.6403561987 0.7814869333
0.5090916745 0.3806620575
0.6978454326 0.0245853638
0.2324336074 0.5073986167
0.8158817564 0.2731235655
0.3945085833 0.0343773158
0.6216625004 0.2953189627
0.1513385150 0.1118390653
0.4522387915 0.7371301952
0.9584134035 0.2821926280
0.5689688654 0.2513169402
0.0986728866 0.7755815461
0.9218193225 0.8924850855
0.5433230650 0.7835377596
0.3101686322 0.2632095215
0.0836484807 0.9329969905
0.3119953685 0.7515602857
0.7290399459 0.5206527289
0.9082289895 0.1944770462
0.9555691868 0.4156858617
0.2906214236 0.1745938869
0.0931884753 0.8643292679
0.9933909668 0.9121594497
0.5491460086 0.0993021370
0.7738163017 0.4459976045
0.9702731398 0.6613531572
0.0834161300 0.1857385869
0.7384383648 0.7229527940
0.3888419889 0.8199982687
0.3554037163 0.3203876800
0.2325397453 0.8721732499
0.7774476659 0.6328265860
0.4450982544 0.0911101467
0.0572076083 0.1335829644
0.2330823382 0.1410961462
0.0051725940 0.4987432820
0.1068208101 0.4883774742
0.4002796158 0.3419113218
0.2053325190 0.5944178874
0.7872316493 0.2179863806
0.2705665586 0.2594898694
0.5545189731 0.6370455171
0.2911377325 0.8177389100
0.7883064421 0.5030569605
0.3476709093 0.8976615755
0.2835272101 0.3489980339
0.5553191108 0.9870410360
0.7237009940 0.3245676903
0.0331129294 0.0411939871
0.7621907502 0.9823161821
0.8300772616 0.7034393866
0.8995236033 0.7782100459
0.6089172966 0.8893763399
0.3132424726 0.4024887345
0.5529104520 0.9363358820
0.5676721472 0.3858436335
0.4212434288 0.1774481989
0.0738026794 0.0862886431
0.5733059705 0.7195245306
