0.2915076208 0.0899951705
0.0194600159 0.8296071306
0.5294864247 0.0170238926
0.8069047755 0.9342590683
0.8531465746 0.8372496009
0.3414638379 0.7177999029
0.4084194735 0.0542096195
0.1921025472 0.5250645205
0.8713671176 0.9772082868
0.3390742263 0.1214371905
0.1813354744 0.4280265510
0.4652059366 0.5428025809
0.3931220231 0.5123083695
0.2217254387 0.8386667924
0.5127637450 0.1109692872
0.5099266709 0.2073306055
0.2772958446 0.4548080904
0.0366696684 0.1637608594
0.6403624904 0.9787922705
0.1013385201 0.2879986497
0.4407480311 0.7488948670
0.7255366164 0.2527980446
0.6441553411 0.4487291288
0.8414471934 0.6354398125
0.3318623737 0.5492713101
0.5237241607 0.5531811611
0.3103414694 0.3762867940
0.2085036231 0.7497189548
0.8980544313 0.6184476259
0.7304858845 0.9594149001
0.6558593175 0.5776307124
0.9612616406 0.5719929870
0.4849585054 0.5996810571
0.1401594662 0.3609025478
0.8089325075 0.2328054921
0.0962108129 0.9556236317
0.1074722759 0.2415813099
0.6445882684 0.1636779433
0.1483485515 0.1046003001
0.5616370831 0.9420074809
0.9264497675 0.7710532375
0.2729649479 0.3144627619
0.5770575986 0.1555329614
0.2588836309 0.9128520887
0.2924064018 0.4972570969
0.6023881453 0.6516334142
0.2196684294 0.0943063668
0.7721713180 0.2148194800
0.2294845282 0.5156237560
0.7653655544 0.8799931697
0.9165271748 0.4361331364
0.0579000126 0.3651099017
0.8065851319 0.7248240639
0.1109111453 0.8630066005
0.9497250191 0.5496505721
0.0223394758 0.4174083190
0.8241970310 0.0221069299
0.9794112512 0.4846478574
0.6720424323 0.7333104456
0.9839088149 0.8427227305
0.9184337588 0.8214546776
0.9459207827 0.9750195629
0.0904347214 0.7584068640
0.4553310263 0.3942203298
0.6060395752 0.0439927641
0.3632782038 0.9127172582
0.6086089185 0.5279740902
0.1894254343 0.9231036662
0.4214689842 0.7104978417
0.6560183140 0.8121482041
0.3086550032 0.5826242540
0.3896184957 0.2786828377
0.3376636245 0.0190012976
0.7506960454 0.4899251272
0.1783326780 0.0040744594
0.8248142823 0.5875769829
0.0999215312 0.1920378123
0.0638033320 0.6990029413
0.1681622322 0.7211947621
0.5188068159 0.8335725213
0.1046168694 0.0134140631
0.4305296571 0.1799073042
0.5070012757 0.4735043026
0.6968528795 0.1653343738
0.4614107195 0.3090222898
0.2106107867 0.1705653984
0.7935356779 0.6837429115
0.0491280154 0.3131230942
0.1380842463 0.6014999770
0.3017551674 0.9409508547
0.7819105766 0.8166283410
0.3106544522 0.2285701771
0.2138850285 0.2669811983
0.8686436398 0.1434187915
0.5453313552 0.3813422614
0.0384496042 0.5102135964
0.3974274830 0.1165546162
0.2712466116 0.9806170797
0.3665227409 0.8745467894
0.6929523090 0.8475842529
0.2776454456 0.2074110121
0.4690427103 0.8172465323
0.9218254966 0.5675285904
0.0058869540 0.6871628779
0.3858518914 0.2204133337
0.9079912775 0.3701954527
0.2057913976 0.6096183978
0.3898610938 0.8049870338
0.0289786256 0.5284383693
0.2681297508 0.6265638452
0.0022178702 0.2300060860
0.1079428316 0.4110963632
0.9994758329 0.7485904749
0.5352134184 0.7641960716
0.4392213430 0.4087408447
0.7111180975 0.1503313003
0.6044785586 0.2090314827
0.7150805600 0.4072064974
0.3644164095 0.0086117412
0.1509143290 0.6517508685
0.7673233731 0.1117839175
0.7284328954 0.6329995180
0.6309281858 0.3713873187
0.8619913668 0.2873031403
0.2824074125 0.6630477682
0.7618789560 0.5896106006
0.4736512503 0.9711500409
0.8079270287 0.3939055721
0.8784738561 0.8980134241
0.5753487392 0.4280602708
0.5577820738 0.9474504338
0.2614868912 0.7234122787
0.8340195593 0.4650913945
0.1648487298 0.2914824941
0.6403311921 0.5528643837
0.4721312187 0.6628932793
0.7837489785 0.4284656050
0.7537126311 0.7300923087
0.0169031860 0.0334080341
0.9836783308 0.3240441106
0.9755015547 0.0748792427
0.4020566661 0.6088904177
0.5207102437 0.0640507023
0.6715060955 0.9079540746
0.7059222490 0.5011506195
0.7809648232 0.8100473293
0.2559971458 0.1683463557
0.1962048708 0.7998676561
0.6039454555 0.7304386911
0.6007101508 0.0819166661
0.7699875961 0.0271543315
0.0012966871 0.9350574565
0.6863311396 0.6642664145
0.5922977041 0.8611978332
0.8963557986 0.7161943286
0.5841198956 0.2583303301
0.2453805291 0.3912196573
0.7494751010 0.3367550337
0.3298088859 0.7541162525
0.0923964636 0.1503379608
0.9294596910 0.9217590861
0.0950131693 0.4667730861
0.8811877610 0.2063695451
0.3934063046 0.4332436638
0.4392611790 0.1469609293
0.9300334735 0.6624431161
0.1367114403 0.5622306448
0.1023946990 0.9486125778
0.3121581061 0.2997535952
0.5600580733 0.6184117758
0.0113186503 0.1216861543
0.5663586594 0.3278439309
0.2886283111 0.8463941885
0.9452075288 0.2939968294
0.8056154767 0.5306120300
0.9094962568 0.0621503023
0.8845488739 0.0611722182
0.0625859483 0.8996775365
0.4252340038 0.3088928986
0.6892575099 0.2996296524
0.6826643692 0.0514546104
0.7121705541 0.9973050213
0.0841120991 0.0709200168
0.3898530651 0.6426495971
0.4164663363 0.8211811279
0.2514204879 0.0289277132
0.6681444153 0.3032103050
0.5292839161 0.4753668013
0.3510511224 0.4236302613
0.4808749262 0.9192491126
0.5801169356 0.7051850736
0.9464445300 0.1640907262
0.8299493506 0.3474590151
0.5786545875 0.8238117139
0.9623114846 0.4047152048
0.5144108507 0.2821786080
0.9234865550 0.2550097441
0.1047148405 0.8133767761
0.8024225795 0.1172673302
0.1198666551 0.6702487353
