0.6068725588 0.4570859887
0.8714389744 0.9416218097
0.3865694536 0.7911303804
0.4761536709 0.6053551515
0.5210324339 0.2840397431
0.6503621865 0.6591104720
0.7212590610 0.2967381455
0.4596999219 0.9813344449
0.0405983341 0.7779189662
0.7635721277 0.3075653917
0.5932087642 0.8581488827
0.4198777326 0.6813253769
0.5318037691 0.3879915387
0.0695468830 0.3303076281
0.3767251424 0.8647167177
0.0515150336 0.9708558539
0.9253770513 0.4024559081
0.0013808187 0.5118197469
0.4400126771 0.2260642321
0.2097007666 0.4963990599
0.1399808497 0.3804960885
0.1610359189 0.8693978886
0.6459278284 0.5255050116
0.2897608060 0.7148520385
0.7026243079 0.3835083150
0.6322392641 0.7774358972
0.1895949494 0.8102178027
0.6658824096 0.6343265855
0.6901487754 0.5396541418
0.3427342772 0.9051328517
0.4898139138 0.7508858333
0.7939894366 0.8866759873
0.3770023011 0.9966634240
0.2994554809 0.6258713192
0.0705461679 0.7646472518
0.7282795602 0.6011289758
0.3679457027 0.3416288116
0.6189223559 0.9518873523
0.1543102885 0.6911330957
0.1173443166 0.8152986422
0.1403732297 0.9944813891
0.3235227162 0.5322101971
0.8968644161 0.5066719637
0.7666740328 0.9951663019
0.2191008493 0.6099708052
0.9358386381 0.6102088977
0.9686632665 0.1319218223
0.0787452350 0.1893350771
0.4077611938 0.1724095418
0.6585062555 0.3590166394
0.2128592418 0.1524291659
0.2149281293 0.3912685901
0.0564982015 0.0378152290
0.8381217178 0.2352857089
0.2294840727 0.8858338741
0.4519378219 0.5086531147
0.0524002708 0.4327414001
0.7396815611 0.9020655101
0.7533056659 0.2096929974
0.9368626651 0.8239830163
0.0905990510 0.2089559285
0.5829814321 0.3473386931
0.6238136488 0.4242034815
0.1126047420 0.9066862850
0.6206941669 0.2632760334
0.8434823687 0.7607219003
0.8055344822 0.2030835603
0.1822860377 0.0630456554
0.3131006304 0.9622614921
0.8881238011 0.3693723191
0.9571639721 0.3599114612
0.5669661522 0.1115842768
0.3781415284 0.5195320852
0.9049751666 0.2593388043
0.8303495518 0.3084647115
0.7240387018 0.9669387397
0.6194057291 0.1795856574
0.2283359618 0.0384473021
0.5038949198 0.8472605591
0.0026819505 0.1925785432
0.3315901960 0.6782147181
0.9310004340 0.2021385499
0.0020941268 0.8387624756
0.7737182194 0.7832968847
0.3819516429 0.2935938689
0.5556892182 0.9058545502
0.5701146290 0.6272578785
0.8715528554 0.6871915377
0.3216638227 0.0671407005
0.5838954056 0.3239542024
0.1205235764 0.6331162492
0.0975903266 0.3572810700
0.9825356248 0.9550039241
0.9661262903 0.1192363955
0.9467063165 0.0176013846
0.2149689865 0.7234841975
0.0752797328 0.6677944728
0.7896969049 0.5549389050
0.5026771743 0.4569328223
0.4962642122 0.5974832369
0.3204843782 0.2706958100
0.7732579510 0.3881868654
0.4174068950 0.0558629656
0.7974838020 0.6137461465
0.4509230460 0.2902435934
0.2884506348 0.8707796449
0.1558371756 0.2994317129
0.0229815349 0.4318800879
0.5426366024 0.7385726878
0.3131397801 0.2051143777
0.5033727193 0.0427630748
0.6101337552 0.1145924330
0.8929082095 0.7944609456
0.4455441932 0.8860995212
0.5493736440 0.9788115533
0.3739927131 0.4304519351
0.3341158165 0.1651652580
0.9711081216 0.4691748628
0.1707914568 0.5808901357
0.5921598935 0.0370085049
0.9104827502 0.5871611797
0.9608146132 0.0652670929
0.0114616308 0.6320022710
0.6621456638 0.5297695426
0.2642498375 0.4461600077
0.9683322326 0.7341965847
0.2313244206 0.5374558504
0.8063342652 0.6793697545
0.1148760529 0.4862401169
0.6257741501 0.6940669320
0.4361367119 0.7800153933
0.9001257413 0.9971722627
0.3090475742 0.0629042918
0.0493852418 0.1035229986
0.2993389228 0.3474742259
0.8046533882 0.7285550578
0.7802310869 0.5132551137
0.5481892382 0.2024807998
0.8185653811 0.4665891038
0.3609666350 0.6203845444
0.9028494453 0.2864210628
0.4224335611 0.5532553429
0.9794814213 0.5503190741
0.5174880768 0.6938961720
0.9915258130 0.6755944889
0.6457855426 0.8400556632
0.8415196494 0.9221197940
0.2702684374 0.4094394680
0.3953917497 0.1070608031
0.7477916523 0.1269743741
0.3723753177 0.4403985904
0.7083937588 0.0542973914
0.5955122343 0.7516741508
0.6793522091 0.2382744656
0.9293582672 0.8982095008
0.1854382868 0.1138365426
0.5161690554 0.8827142719
0.7410820307 0.4507199157
0.1897664150 0.9596192986
0.0605543422 0.5850339449
0.1220763964 0.5659514507
0.1475180168 0.4346342637
0.8363816666 0.3999781470
0.8474678453 0.8536049526
0.5344577661 0.5497608665
0.1202804708 0.1063518513
0.9994354529 0.3025390647
0.9527737480 0.7413474908
0.8351532710 0.0617543545
0.2721548237 0.7723839659
0.4506952540 0.4066065060
0.0443888993 0.2661648313
0.6879305916 0.8375153781
0.1647373160 0.2482878762
0.7562488144 0.8086383096
0.1689826504 0.1923873052
0.2602821883 0.2664498312
0.3157291203 0.5320765579
0.8744486890 0.5978657265
0.8243030777 0.1442987671
0.2739993154 0.9742699874
0.6689035897 0.9539656211
0.4867097989 0.1514678858
0.3308767191 0.7571958014
0.7702135085 0.0825033878
0.8519842893 0.1062387498
0.2659392003 0.7980644559
0.7114364315 0.6900062412
0.0476173330 0.8806373619
0.6909890437 0.1480601361
0.2208296051 0.3025434366
0.4414108301 0.9661876215
0.0574336886 0.9460252845
0.4504715904 0.3449042706
0.2770656914 0.1481742847
0.6452326886 0.0404740563
0.5481381292 0.4861082046
0.5425208549 0.2115464110
0.4888651192 0.0890766625
0.1504722477 0.7533989583
