0.2624232281 0.7777758882
0.0025075552 0.6163543733
0.3039648102 0.0159783763
0.7991272598 0.3788080927
0.8427042379 0.9862900476
0.4000078643 0.5777921281
0.0626954728 0.6461095891
0.3506822860 0.1078573049
0.8660556618 0.3701335261
0.2058080193 0.8983812407
0.5842807046 0.0708249251
0.3456528848 0.9674563835
0.2638793425 0.0734266895
0.6997398148 0.8224781888
0.2914799386 0.6766181238
0.4559540111 0.6815557685
0.7418908436 0.6408816216
0.9926538006 0.4982863954
0.2888082115 0.1917299039
0.8074598450 0.0610177785
0.4787625843 0.3983171269
0.0523281820 0.1153336225
0.3393197015 0.5403542671
0.7095004405 0.2647215654
0.8165744826 0.7410621759
0.1526499298 0.6077960468
0.4295236945 0.8093634715
0.1293774534 0.0805093558
0.9356418163 0.3655184569
0.4628610877 0.6236341101
0.7018410541 0.8922520044
0.3015021035 0.3063445426
0.7766993307 0.8433808041
0.1533101648 0.2610694055
0.0626010172 0.9703927529
0.7063043399 0.1297594395
0.0762988504 0.4750684210
0.9714801434 0.5743022431
0.4469756207 0.5050831632
0.0908786508 0.7749233023
0.8177281635 0.9108218003
0.0984595143 0.0226119639
0.5920981440 0.9678038726
0.4682855436 0.0362821147
0.3364176371 0.7246296994
0.9115508844 0.2407725759
0.7393600298 0.1932599400
0.5780502636 0.6106820317
0.9825474232 0.0070838778
0.3792530592 0.6861134144
0.6476904438 0.5169129215
0.6455003356 0.0395836189
0.3801647614 0.0364578745
0.2153612765 0.1635013546
0.3576653793 0.3822379671
0.8622638761 0.4582495047
0.5142265002 0.3907925494
0.0334637423 0.8057521687
0.5228952013 0.1246961533
0.5637735849 0.7783104648
0.0932403219 0.6583393634
0.2188368199 0.3202291508
0.7943075929 0.1325075885
0.3659790030 0.4216118933
0.8626600128 0.0730696226
0.7881656574 0.5044183318
0.5321660658 0.4636129587
0.9197868093 0.5818567131
0.5977693188 0.3199820553
0.6272506688 0.3730464155
0.2742968973 0.8849575235
0.4169591025 0.7228971768
0.6600768020 0.7088514615
0.0268991462 0.1815083266
0.2978220384 0.3070088865
0.0312522488 0.9076842855
0.6324777631 0.9190021644
0.4271601832 0.9001537770
0.4697340343 0.5668532661
0.4843296514 0.2983296501
0.9806646099 0.7668405905
0.9406386488 0.8257995481
0.6531385257 0.0050307318
0.9600841015 0.2698650731
0.4812445798 0.8049897072
0.1749608361 0.7910004509
0.1207629150 0.7325366371
0.2139652319 0.5460695585
0.9201075107 0.6279004816
0.5194448535 0.7992412316
0.4340907006 0.1266386267
0.8745462189 0.5302404315
0.3443740294 0.9382226846
0.4900734031 0.9539929490
0.5175246033 0.5556572137
0.3061302896 0.4682438198
0.3304746465 0.7752162514
0.9620386863 0.4787938145
0.0357312646 0.0499453161
0.8022738008 0.4457657671
0.1691019050 0.5604798480
0.1692882567 0.9666169953
0.4644558381 0.1684770381
0.1520470532 0.6644644528
0.2526965263 0.9647271278
0.4874594380 0.8859262085
0.1117720302 0.8526027752
0.0605858240 0.4308830109
0.2210708586 0.7246162782
0.2673975937 0.5829204783
0.8345689990 0.2705843659
0.4158668252 0.0515569684
0.8681769844 0.8251888733
0.6485080501 0.9048931164
0.0002301098 0.2258490528
0.5670451508 0.8580136921
0.9189936863 0.1713090706
0.1262301848 0.3994360586
0.7328723366 0.3253851821
0.1285766324 0.9236876422
0.7257027246 0.7297329448
0.4967605078 0.7270151094
0.9368555376 0.6892354410
0.5026718704 0.2039135868
0.3707720448 0.8679956926
0.6832762250 0.4568530486
0.6535322223 0.7786456193
0.6380309174 0.1706302181
0.5947701709 0.4063850942
0.4320842234 0.3300646046
0.1799312435 0.0195103581
0.0090266548 0.3253785263
0.3465587160 0.2841148998
0.6101959438 0.5504315719
0.1053539191 0.4637571764
0.2096022573 0.3724665255
0.5715938401 0.7092096594
0.5427371445 0.4807816076
0.0101112621 0.7369634259
0.7526204671 0.6261583310
0.0979410201 0.3229032927
0.8684986029 0.1415058435
0.2244569390 0.2349829700
0.4157437808 0.4734316484
0.4853981450 0.9517687808
0.8461905776 0.6687017528
0.7219709326 0.5689347619
0.2162711133 0.0768874637
0.3676326026 0.1814553800
0.8651254673 0.3233634864
0.8361700476 0.5982376048
0.6055829096 0.2647310574
0.2830082015 0.5622358808
0.7740692257 0.6928324996
0.0563496450 0.5603556966
0.7204989529 0.9787868317
0.7671196987 0.2140510872
0.9307106715 0.4162154844
0.9121672792 0.0180320288
0.2218902254 0.6474211160
0.0914835898 0.2016865278
0.1581244138 0.1343274051
0.6184175254 0.6578428659
0.3083131571 0.1231427252
0.6077233319 0.1141552459
0.7724851449 0.0283930015
0.0633297603 0.2776738865
0.8463009131 0.7917065254
0.8432714823 0.2069939523
0.6320625518 0.5677561348
0.7847751655 0.9290017085
0.6887046483 0.4261239525
0.3872168343 0.2679335667
0.3388017883 0.6336415934
0.1533672884 0.1887940456
0.6227155313 0.2548308648
0.1287854749 0.3603896567
0.2281551750 0.4737609402
0.7261729598 0.3947656515
0.9146520082 0.7264267454
0.9754332702 0.8713260652
0.7342111706 0.3086008677
0.7134318315 0.0752932085
0.5929981280 0.1920360220
0.9825135271 0.1219696671
0.5240580713 0.3017505502
0.2882464012 0.4017095385
0.9448698180 0.0808817006
0.1875393021 0.4467285406
0.8715598300 0.8797542095
0.2417097811 0.8313954036
0.7689504013 0.5284201644
0.7167020411 0.7674363513
0.9108658327 0.9357244500
0.9798971556 0.9447538813
0.5249933253 0.0303893499
0.1004128070 0.8497982832
0.3460184693 0.8439842136
0.0000661663 0.3599519681
0.4174205296 0.2152111112
