0.3295128692 0.8810334333
0.3204429421 0.6643183920
0.3032294634 0.1053461965
0.4487512967 0.9607946440
0.4233034836 0.0921765004
0.9442275698 0.9729462997
0.2188217817 0.3573775289
0.8997009971 0.3491441317
0.3528399603 0.4546344249
0.1509559832 0.6301623100
0.0407468796 0.2113016509
0.8323791391 0.7889678619
0.6544633485 0.6628958080
0.9818619905 0.9260025533
0.2574743393 0.6728720852
0.7502421935 0.0921179370
0.9926946300 0.5011721164
0.8129446102 0.9067580099
0.4476988928 0.1830715924
0.6580042108 0.6177525291
0.0494831014 0.7731574218
0.6586352506 0.2971725551
0.5639366162 0.8435198560
0.3140486471 0.0186473749
0.8518518304 0.7543328054
0.6739906107 0.1630828570
0.2318363632 0.5196221130
0.3327387567 0.0270817827
0.0112485499 0.2216577769
0.2081439643 0.2444828217
0.6088546466 0.6963858927
0.0665558921 0.5106644559
0.1270116253 0.7855704769
0.8231339360 0.5468173042
0.4158796258 0.7458355634
0.3952532751 0.2590786387
0.9963834656 0.3814738441
0.6464740812 0.3836247288
0.8347459628 0.2483840142
0.6676252805 0.1837283236
0.6327460358 0.0871727184
0.8837659385 0.9801327947
0.5247554600 0.1416815891
0.3826004050 0.8262270476
0.2627118340 0.2072841631
0.6419718633 0.8474522290
0.6014348160 0.3640248511
0.0684034998 0.3772337146
0.0618337844 0.4512446782
0.5439153864 0.3709008007
0.8568731347 0.4704865625
0.1194601894 0.5828844746
0.7694216350 0.8384962726
0.1521691771 0.7451662215
0.7111978179 0.2855795588
0.0342479427 0.2954060262
0.5258760373 0.0149221714
0.1308013057 0.5162314507
0.9330855310 0.8935950236
0.6993651202 0.6417721610
0.7574902579 0.0155966055
0.5769648072 0.2195791520
0.7930032000 0.9790311311
0.3853941964 0.9333531529
0.2733090448 0.4713731059
0.4748709299 0.3418640063
0.6725473152 0.4970027290
0.9298199496 0.4233959023
0.2640605759 0.9702688012
0.9602776567 0.8124306107
0.5510139257 0.3122929482
0.2282905515 0.8956581092
0.7525909449 0.5021392141
0.2765577579 0.2942285471
0.7270135037 0.9559683178
0.3068970099 0.9217947786
0.8765938703 0.8525974111
0.9652727702 0.6562198659
0.2449354863 0.0538175422
0.4144781138 0.8664002991
0.4047140614 0.5957052089
0.7065214723 0.7560798416
0.0249177630 0.9989119040
0.8072587381 0.1631478373
0.5223942779 0.5211652976
0.4928074350 0.1194609290
0.1149255977 0.9298589313
0.0348065941 0.1658487985
0.2950528584 0.2998609269
0.7838786348 0.6108068311
0.7640804707 0.1098245393
0.4453344380 0.4975574124
0.1455949199 0.0122098249
0.3768495179 0.3168047184
0.5429321998 0.6627978003
0.2375168184 0.1426244874
0.0561268129 0.0302718615
0.5848991770 0.0837766832
0.9717314583 0.4786079756
0.5534979072 0.7355858314
0.8603697763 0.4456851092
0.2387503455 0.5834586660
0.7372576118 0.5896736863
0.1029185722 0.8217266807
0.3206581877 0.7189287669
0.9581426390 0.0417924854
0.1646262666 0.1263377731
0.7842286718 0.4760481120
0.4292894481 0.6402079839
0.0462162595 0.6322816153
0.4786031033 0.8397298758
0.0968858496 0.1379939958
0.7689060143 0.2192123731
0.1245589179 0.6617409927
0.8417885804 0.5617193353
0.1698979087 0.0698282716
0.7324657564 0.2208500780
0.5832502399 0.8022405641
0.7754081580 0.3662968912
0.7734449237 0.3129522273
0.1171422034 0.2630643456
0.9313805282 0.7578143202
0.4976619355 0.2382124786
0.4784328870 0.4176278922
0.5727174611 0.2516221126
0.4026995450 0.0240122530
0.3701205781 0.3764308388
0.6174205244 0.9962433378
0.8526942935 0.1539131874
0.8895513985 0.6902465864
0.8538069193 0.0328788749
0.1989447269 0.4634042923
0.5091955278 0.6272049386
0.1111071322 0.0569317522
0.8920655048 0.0741028552
0.7998625245 0.7134564033
0.5198996060 0.4399764371
0.6805893485 0.0450725762
0.2542273575 0.7834183062
0.3744104941 0.7808943577
0.6161206950 0.1638934080
0.8018473899 0.8448191703
0.0205082045 0.1011406273
0.0374201641 0.9433871962
0.1243809639 0.3910089392
0.4810796272 0.9174104557
0.9554463906 0.2838819992
0.3811392036 0.1946421476
0.7113713400 0.4762002043
0.4814916917 0.0649331143
0.6379265281 0.4422613835
0.5992815946 0.9426131398
0.9971806903 0.8479638155
0.2326808534 0.8843365003
0.8669731397 0.6848508433
0.1666828798 0.3595209859
0.9287603918 0.1297985515
0.8264629615 0.3803517915
0.2920663250 0.3842290707
0.3928980437 0.1300426119
0.4941740264 0.7429011608
0.1534562607 0.8746345747
0.1888211951 0.8194472935
0.7712462810 0.7182668241
0.5423865461 0.8783071694
0.2101093415 0.6144074692
0.4825516068 0.5707416430
0.0142291969 0.6162446492
0.1807756416 0.2816903894
0.9556385203 0.1379212225
0.5339203367 0.9796796538
0.0535907027 0.8682401897
0.2902661017 0.4267222569
0.6042753530 0.5703340433
0.4376578972 0.3164101997
0.5871174061 0.5668127306
0.1995319644 0.9738340047
0.1056435122 0.3890672574
0.8483841920 0.3170025928
0.5876706981 0.4910979901
0.4213044614 0.4610028098
0.3115006691 0.7789168255
0.9433265236 0.5547802099
0.0432471498 0.5449819095
0.7053829447 0.3725178472
0.7227817018 0.8232117631
0.0188803943 0.7447855217
0.4446257232 0.6879809926
0.6406504347 0.7688439487
0.9160309501 0.2131224750
0.3245428362 0.2007280879
0.2086241018 0.7029834022
0.9522731377 0.6020188762
0.9721403455 0.2938166601
0.6813470233 0.8857479308
0.3013440096 0.5419236482
0.6986026046 0.9705098603
0.3437505679 0.6000635583
0.3731990862 0.5339430410
0.1682013888 0.1923083122
