0.6070654770 0.1395249079
0.8693189324 0.9706370179
0.7020021249 0.6126232027
0.4222397708 0.5976719825
0.5198268667 0.5417098388
0.2344277259 0.9737619878
0.3420423214 0.9097025733
0.7337135940 0.2121037925
0.6448786488 0.7596349476
0.9597751669 0.3523460409
0.3461066509 0.2011074855
0.3455952596 0.5151224396
0.9402446137 0.2437124233
0.1352671681 0.0364461996
0.1190474573 0.7483545127
0.4850676738 0.5862056722
0.6353273458 0.9819872911
0.6961453629 0.9556067106
0.7633880361 0.4801318944
0.1784113491 0.5465182683
0.8799339487 0.6325801123
0.0635814845 0.1671621489
0.4033982790 0.7512151723
0.9692321073 0.9939370037
0.1172966982 0.7191301436
0.5677932366 0.5113028452
0.6253071200 0.5704277867
0.4874694820 0.8234011953
0.3297860120 0.6603475475
0.0108576860 0.7475248542
0.7812549785 0.7522256257
0.6341176259 0.7080363707
0.4876132848 0.1285591396
0.2408705143 0.8416909404
0.4084563878 0.4054291496
0.9951996805 0.4961161248
0.2313057094 0.1579008361
0.6907446082 0.5352377234
0.3144208354 0.8522931615
0.8063222430 0.8217707974
0.9655677861 0.7883914749
0.2050266335 0.6868929854
0.2159645968 0.1587691034
0.5656706251 0.2817893859
0.3683380287 0.3178394809
0.6746337338 0.2971845326
0.2968334214 0.2895217762
0.4290117116 0.5151387284
0.6306295118 0.4375248389
0.9043007260 0.7119444227
0.8136393900 0.5185691768
0.8241575936 0.2857745795
0.6692350690 0.3709453141
0.2232588593 0.3528291450
0.2010495147 0.9962232346
0.4716057992 0.3823832532
0.0502367328 0.0245176993
0.5581866771 0.1925751022
0.1103528813 0.1018310553
0.3802456880 0.0958765538
0.8188348706 0.9453717744
0.3505835400 0.3571500324
0.4340671994 0.3135209160
0.7428320658 0.5673562057
0.4985195085 0.6319242324
0.4895992920 0.7074829623
0.7859764173 0.4080498854
0.3237660816 0.9800611579
0.6770113115 0.0445849647
0.6220133532 0.6369032081
0.2789458044 0.4097358751
0.3124441578 0.4988993414
0.6508305221 0.2074220133
0.5956219275 0.4586536862
0.8688308979 0.0988255943
0.7943909779 0.0120527554
0.7194875615 0.1101681904
0.7984778361 0.2642493275
0.0701719381 0.9316652067
0.1609703187 0.3000591335
0.5736088158 0.7258826195
0.5190115253 0.0511832701
0.3764364880 0.1655345362
0.7940973967 0.6765052703
0.4203792295 0.8196050457
0.6992549863 0.7987895271
0.7188250280 0.3282142531
0.2997075480 0.1869540529
0.9682006441 0.6774237409
0.7807147801 0.8720442463
0.1025184938 0.3371202118
0.6718033678 0.2601654988
0.7057363413 0.6782829376
0.4512677236 0.1678188527
0.7631159833 0.0735145948
0.9810528597 0.0685976697
0.7748054545 0.6540563620
0.4772149795 0.9000714620
0.0668888700 0.6632710176
0.1018484979 0.5492173699
0.2430946228 0.6132862810
0.9765949147 0.2583621610
0.3798661479 0.7651933558
0.8355460283 0.0580235232
0.3854667129 0.4520650967
0.0133263126 0.6396845682
0.5816449957 0.7923341456
0.0933329829 0.2215650003
0.2617579520 0.3369936405
0.1664390831 0.7978616642
0.5363493185 0.2323800651
0.2276555861 0.5555077351
0.6815879510 0.4620312714
0.8399476895 0.4145045333
0.2822738898 0.7828019960
0.8951334166 0.5135153432
0.0418513938 0.2618658370
0.3648873012 0.5906150096
0.0698648513 0.1285419745
0.2199581998 0.9406244072
0.0561431024 0.4345221475
0.1864549299 0.4016334951
0.9838895317 0.8643338525
0.0468297808 0.7814047639
0.2310513223 0.7482390510
0.6874161822 0.9583999328
0.4154808736 0.9611210989
0.4294410667 0.6589429265
0.4505414248 0.0228505123
0.9139142839 0.5440602705
0.1182930873 0.8448381419
0.1350437250 0.4129248822
0.2414721305 0.0837536534
0.0514567722 0.5266461721
0.2910864688 0.5927907085
0.9663861455 0.4332954215
0.8159727834 0.5808294400
0.1021907540 0.9237658709
0.9052075306 0.3082660384
0.6939812108 0.1513678094
0.8354022276 0.1800786304
0.0422153622 0.8353633345
0.5855132238 0.0035511103
0.4183510634 0.9730803536
0.2646132268 0.8472978986
0.8277081536 0.3386261209
0.1189876750 0.6244241799
0.0885302790 0.9748756405
0.9375998681 0.9056573960
0.2546448164 0.4411287004
0.8739937486 0.7959960510
0.8523635465 0.2127780623
0.2512475993 0.6657322594
0.7493073713 0.9626243283
0.7364526486 0.4086734174
0.5670594629 0.3574087584
0.6194982476 0.0930599183
0.9861682671 0.1616863846
0.5622126578 0.0793601545
0.5042098573 0.0347117601
0.7204360148 0.7309292796
0.5604839048 0.6172019017
0.5060536229 0.3070713539
0.1360379001 0.2224273110
0.7148482005 0.8635337446
0.0375544226 0.3942767406
0.9253084324 0.4414686898
0.9076857660 0.0352437955
0.0215496292 0.3338791935
0.9746409838 0.1638812765
0.5128130858 0.7513765190
0.1813091474 0.4854350714
0.4904251421 0.4241924460
0.8677462125 0.9154720824
0.6330779580 0.8474879638
0.1983817631 0.0856132386
0.5508309942 0.9183091491
0.1714168653 0.8822508568
0.8545934519 0.7111335297
0.4580960957 0.2247825962
0.4133359080 0.0747346643
0.4995789151 0.8655327934
0.1884207955 0.2568370232
0.3181675773 0.9503272718
0.4951618255 0.4763934237
0.3868295675 0.7038768726
0.7910579405 0.1431830547
0.9060457048 0.8534029830
0.0000909249 0.9620169819
0.0967193953 0.4840247174
0.8842117422 0.4107153107
0.9294082970 0.1378592906
0.4201689151 0.2486709717
0.1399888490 0.6417585702
0.9765728745 0.5877340895
0.2966171724 0.0638166761
0.9326871251 0.6150416119
0.5792971254 0.8767046938
0.5847698163 0.3813064591
0.2550092734 0.2381238786
