0.1053530763 0.2960916597
0.8679685824 0.2092697756
0.9790557529 0.1219394321
0.4495476816 0.3749933124
0.2394784880 0.9372372537
0.9209412390 0.6038620075
0.2730262555 0.7831671554
0.9800680548 0.2344971408
0.6282501330 0.7280972722
0.9866303298 0.8967867005
0.6303746774 0.6170545086
0.4507555888 0.7686123691
0.9602636068 0.7909497969
0.7680189158 0.9697478727
0.7720674472 0.2133815566
0.9236881501 0.2777366708
0.5914027388 0.4303235684
0.1818878572 0.1042312034
0.4556728243 0.6558803048
0.1950742799 0.3097234821
0.4431078717 0.2201703171
0.3503750561 0.2871878492
0.5909500613 0.8462410797
0.9827207635 0.4944947997
0.7612839586 0.1356629028
0.1087808434 0.2644729969
0.5695256337 0.9731812681
0.2827026002 0.6350284039
0.4043971151 0.4936635402
0.0831898106 0.7437382555
0.2941644055 0.1697641776
0.7767259483 0.7770298987
0.4883349031 0.8349416626
0.9933606485 0.0854030386
0.6378843362 0.9632574653
0.7106330753 0.3868617958
0.4634028866 0.2658074992
0.0405762173 0.0321427260
0.7483595367 0.3566751519
0.3654810176 0.7208361614
0.3491706469 0.7594997084
0.9853595829 0.9545548900
0.9670497569 0.7182313087
0.6132929299 0.3184108026
0.2679332483 0.9971311197
0.1201019046 0.3498316393
0.6710434237 0.3001861901
0.9208807666 0.3231705132
0.2529618673 0.5242284466
0.0953496119 0.5678905119
0.4921731149 0.5410851892
0.5152285450 0.9089053877
0.5825494450 0.2437610390
0.5307253931 0.0106750312
0.5549875375 0.1221829725
0.5707752350 0.5535750271
0.4167340857 0.0971347505
0.7941055447 0.7155065473
0.1325565075 0.1991743953
0.9347365202 0.5019136974
0.0504598233 0.4670904036
0.6199722766 0.4728815257
0.3898398550 0.6735532048
0.1355479811 0.8671007947
0.0779860350 0.8170893686
0.7040542056 0.4393591102
0.0208754798 0.7596889378
0.7838574510 0.6162190885
0.5356524255 0.3863844475
0.3112653309 0.1152104151
0.1380119470 0.6579936783
0.8085999257 0.0417745152
0.5844629228 0.8918544063
0.5290162702 0.5371490823
0.3371659474 0.9452776843
0.6145909406 0.5556673431
0.5510128334 0.1825950527
0.4850493703 0.0695968227
0.7987231743 0.9539732613
0.1308915180 0.9746223715
0.2454164204 0.3245155659
0.1722677757 0.9393636963
0.4047707022 0.6038394443
0.2554534062 0.8684932877
0.2698345756 0.7264730681
0.1481019352 0.4521497921
0.2578010709 0.3760253369
0.8582150894 0.6765970275
0.7021879667 0.5064995174
0.2296513091 0.6968690953
0.8012022359 0.1456128900
0.3197267398 0.5562212821
0.9110366574 0.4174133749
0.6976094801 0.8474966425
0.6900969290 0.5607945981
0.6002692011 0.0580619861
0.5022186035 0.7215487566
0.7720326571 0.5627697987
0.9406354118 0.8668975691
0.1836537190 0.7895231994
0.7978878977 0.8732890773
0.8225970214 0.1156748760
0.4682393187 0.9792990573
0.3827761361 0.8171943902
0.5620561311 0.2375816574
0.3060330817 0.4918997315
0.4624509296 0.3075022180
0.9805345821 0.3916033659
0.2617581466 0.0845392578
0.8348433986 0.4948541426
0.3011838499 0.5885242565
0.8626904722 0.5940231687
0.3233422328 0.8544186207
0.7892877264 0.2614953438
0.9149342392 0.7063616335
0.3669591516 0.2223726484
0.3481964443 0.3718819142
0.3051759780 0.3043495300
0.8701837734 0.7790335503
0.6875662314 0.7644187209
0.8441768369 0.9390259273
0.8741995856 0.1978527256
0.2312201553 0.4081155931
0.8735915367 0.8689739339
0.9161868307 0.0754724441
0.0777344385 0.0089585835
0.8154627164 0.3688344148
0.8703955893 0.0086941537
0.3825153600 0.4350637327
0.7308438758 0.0378265507
0.0634319831 0.1716328364
0.4118311706 0.8837128101
0.1320184981 0.5064838536
0.1106207770 0.4047545896
0.6836094392 0.1131421465
0.9672167893 0.5973145260
0.6522583782 0.8051522940
0.1354307409 0.0911854278
0.0344987214 0.3623638762
0.5704964164 0.7012154529
0.6273154982 0.6570788176
0.1780222404 0.5978678062
0.4825009246 0.1661408521
0.4258007899 0.9225341211
0.4827634929 0.4343082704
0.9572044932 0.0279047761
0.5041162106 0.7274881552
0.3774497011 0.0417149896
0.8822307838 0.8105429805
0.9200526472 0.9735768644
0.0217234191 0.5607078864
0.7182185124 0.6266640974
0.0575872496 0.6806271067
0.7218870061 0.2949307812
0.3083638591 0.0010066368
0.0902908232 0.1053082360
0.5988667300 0.1225329437
0.9090363192 0.3976162811
0.6615804107 0.0030306742
0.8171206307 0.3998839766
0.2407744373 0.1930209549
0.2034536318 0.1735826710
0.5397598807 0.6377285749
0.2072756133 0.0427440022
0.9982720700 0.6660742043
0.2731549042 0.4458951928
0.6538175309 0.1967798160
0.6916295651 0.2284126567
0.2272580488 0.6180555836
0.7245255662 0.9059102908
0.7722814873 0.4875889964
0.2059740700 0.4967478964
0.8158895585 0.6572422747
0.0720928949 0.8968795601
0.2325751681 0.2222400463
0.9287653464 0.1714498489
0.3817805238 0.9753324560
0.6464736384 0.9079727464
0.4213158340 0.1566183517
0.6797895489 0.0806754749
0.0350644765 0.2336213051
0.4680597064 0.4750550740
0.8679395983 0.4941163164
0.5288298744 0.3297385766
0.0966768994 0.5907910518
0.3043671803 0.8528521417
0.3969978982 0.3565847151
0.6222821021 0.3856298779
0.3751145808 0.0807331045
0.8624211258 0.3081248918
0.4274885707 0.5668818463
0.1499575505 0.7247003341
0.6931897819 0.7047095360
0.7712627687 0.7943170449
0.0208841421 0.8475208122
0.0284045827 0.3049881025
0.1543157609 0.8000760526
0.0502933305 0.4666548086
0.1530634199 0.0046304129
0.5374331565 0.8188294624
