0.7773856369 0.3363109855
0.5242831994 0.6012412859
0.0720720104 0.2745510764
0.9093295797 0.8330458505
0.1492109373 0.6292383374
0.0332841533 0.8895394738
0.4657246653 0.1611519099
0.4963614917 0.3965694962
0.9268654457 0.4891472792
0.2218176607 0.0855556019
0.7939454084 0.4683193938
0.9068645374 0.3554096064
0.5493935443 0.8811389718
0.0333182403 0.4963775457
0.6753635995 0.3689678504
0.1292856700 0.1308139232
0.9751381946 0.7979607902
0.3810396320 0.4180077710
0.8751970086 0.2576094734
0.8247793550 0.5625736504
0.1652862429 0.2277827797
0.4602820461 0.7101868236
0.6394764788 0.9451827078
0.0737101215 0.8949778750
0.6839461828 0.0165066373
0.6126781400 0.8651907327
0.5614021893 0.3793599350
0.0190649294 0.6200627071
0.2630469118 0.7814979099
0.9658810256 0.3329666428
0.6706075282 0.1164251390
0.7576984122 0.4577329297
0.9428973418 0.2736842718
0.6103701051 0.0373169734
0.1467505193 0.9499409056
0.9991781180 0.7389460379
0.6160243237 0.7522394300
0.4673080892 0.2281071293
0.6123981358 0.3440031127
0.6886155254 0.7127165147
0.9493828037 0.9553550959
0.1327196434 0.7736793162
0.9828250365 0.7695923388
0.4670358107 0.6343464496
0.8199666484 0.7902061792
0.9830451091 0.5502057141
0.2098922975 0.6889366045
0.1801248701 0.1281902704
0.1136593932 0.6824425762
0.0159956840 0.3318248953
0.7076905706 0.5310525495
0.5144618995 0.5266988773
0.3750568167 0.2801214836
0.0100257049 0.2356979527
0.2738983773 0.4355953651
0.5902036171 0.2912473236
0.7440965765 0.9869980938
0.8840271853 0.1026600724
0.4196437614 0.7957161687
0.7371973536 0.1178692314
0.8952187342 0.6819196637
0.3648309306 0.1382401409
0.0732775434 0.4421899568
0.2285413447 0.4011246680
0.8644764742 0.0548196391
0.2051509589 0.0490289990
0.7937629471 0.0715107266
0.2532025378 0.5118641240
0.5315358159 0.7718916884
0.6668216631 0.8514380631
0.0669452628 0.6557318788
0.6071165168 0.6551872385
0.2897620798 0.1041142930
0.5466143517 0.8042707695
0.7310668208 0.0370426784
0.8246293764 0.7007746631
0.5102788626 0.4699246753
0.1962359374 0.8466667275
0.5346874842 0.0166303887
0.1166424946 0.5859125898
0.2339689673 0.1893267092
0.3948173605 0.2034738339
0.9757666755 0.9301279795
0.4543249867 0.5337837192
0.1623564785 0.4816262817
0.6970996975 0.2629706233
0.4604961499 0.4176494151
0.1085299773 0.3749921165
0.8123497916 0.6466745696
0.3055453632 0.2990217410
0.6249162905 0.5965635053
0.8013158817 0.2033430318
0.4142300043 0.9791077750
0.7242389086 0.3263439548
0.1183152808 0.3008259538
0.8067326681 0.8160528503
0.3119880678 0.2010039930
0.9328599922 0.1989619253
0.9619114782 0.0195502418
0.8908144219 0.7760183441
0.3045760954 0.7479337660
0.2385501183 0.0063583651
0.0111855390 0.4470932972
0.4735719414 0.0345410064
0.0095017962 0.0747838411
0.0605402853 0.1711896020
0.5673770695 0.5124052024
0.7926906253 0.2680489931
0.5346529326 0.9810169197
0.4083848894 0.4912011463
0.4434759674 0.2685739168
0.8558509651 0.4322507552
0.5885398482 0.7268389800
0.2006292314 0.2427356130
0.8406367032 0.3904081685
0.5838489248 0.0834750504
0.5599803177 0.1267886845
0.2436992093 0.5109071865
0.8133144488 0.9476647306
0.6077304728 0.4457837018
0.0309064008 0.0062366504
0.6922221783 0.9264315676
0.2393317893 0.2920661114
0.2927999229 0.9886210927
0.3786608062 0.8426669265
0.1664496808 0.3351466681
0.9326244238 0.0602410145
0.2835812135 0.5830822407
0.3909606351 0.0553556357
0.4856152912 0.1071936760
0.8171751681 0.9886963245
0.3175607583 0.6175444652
0.0544335397 0.8416049828
0.4004792839 0.5206572096
0.7330219478 0.1986358031
0.1820876627 0.7847474175
0.8621636332 0.9431548484
0.3231385277 0.5336208226
0.4919521489 0.8161533067
0.2652302098 0.9207546092
0.8440430529 0.5496399199
0.0845028989 0.7513145168
0.4819572267 0.9371325613
0.0639389059 0.1111121285
0.7258115933 0.6626194182
0.3899928274 0.6030076954
0.4646331337 0.8780329278
0.7665450822 0.7258527828
0.0624413925 0.2264340403
0.1486761066 0.4222962834
0.3215149929 0.1953131106
0.0053183690 0.3967008073
0.1012466469 0.0544346118
0.7188980007 0.8144381971
0.2671889570 0.6902790222
0.6961738634 0.6227433097
0.6465982152 0.5187310592
0.5516085835 0.1927118772
0.1961983812 0.5375479622
0.8204177729 0.8733621977
0.2170597333 0.8421502521
0.3572696653 0.9773811914
0.1075973179 0.9529874405
0.9742397567 0.6803267105
0.3332123464 0.4129237702
0.9676942531 0.1397987058
0.2361130168 0.3566910574
0.6240276182 0.1571700934
0.8185342180 0.1500880697
0.6162848224 0.9481368372
0.2128038564 0.6454994993
0.3660917221 0.7455834637
0.7302820710 0.8231844968
0.6447540253 0.2691815550
0.9003041607 0.8820026094
0.8770911239 0.1695246698
0.2999663944 0.9682391907
0.3140676803 0.8019795007
0.9093927700 0.4715124375
0.1439617445 0.0104198351
0.5472172555 0.2486142082
0.5010843164 0.3162622858
0.8611188795 0.3356189515
0.1134398272 0.5461270376
0.4139416531 0.1014214570
0.0029638415 0.5515403188
0.7184608418 0.4495684909
0.1409539163 0.8735913190
0.8951324086 0.6113140458
0.6852148457 0.1932359111
0.4016247714 0.6991593430
0.3152066915 0.8757650830
0.6252982219 0.6529500827
0.7639254726 0.5816968904
0.5336521300 0.6815570296
0.4153664671 0.8905493270
0.9251605112 0.6166398621
0.4428548187 0.3674297866
0.6421344290 0.4274588926
0.3725645858 0.3441698860
