0.5775062517 0.5825475586
0.9203557678 0.0751038647
0.6905177027 0.3673248329
0.4707188294 0.8772907364
0.4242317962 0.3629900617
0.1885478495 0.0521590142
0.5003056393 0.8120064021
0.3028359583 0.5539215872
0.9042788970 0.9076823510
0.4274615879 0.7686326764
0.5895015633 0.1301113187
0.2255336227 0.1427280302
0.5233111693 0.1856278254
0.8005928418 0.0231997407
0.5464166604 0.9534150473
0.2930263774 0.4638537523
0.8176883911 0.8419998095
0.7435781087 0.8913301262
0.3478331072 0.8389611081
0.4663750620 0.1906344653
0.7603028628 0.7573484850
0.6276843364 0.0236234516
0.1532822012 0.1341879171
0.3292817726 0.6901020447
0.9063802579 0.1500401038
0.8508948813 0.5232856970
0.9825778632 0.5084871183
0.6401438261 0.4295625106
0.9565031085 0.1540661956
0.6541317105 0.7469106481
0.6166252698 0.7688368470
0.5251443174 0.6770731383
0.0464687221 0.4074755614
0.5177029279 0.5054625392
0.6171452258 0.8988463885
0.8345242082 0.6954096595
0.6384251388 0.9246697782
0.7316646572 0.5230438144
0.7992321927 0.0927502447
0.0689758426 0.1303360555
0.5120128166 0.4279064356
0.4690014289 0.5114344263
0.8617894270 0.4092428961
0.5844492496 0.5008466889
0.0051154519 0.9940115408
0.1996853915 0.8461344251
0.4673680614 0.0848045601
0.0097859250 0.6412360911
0.1099212315 0.2156377980
0.0947971683 0.7601148193
0.8719920997 0.2513865950
0.2637734312 0.4102073466
0.0279091126 0.2483845256
0.2087138275 0.6758261086
0.5552872149 0.2784964582
0.1771276755 0.3175110146
0.9448166236 0.4268373036
0.8622281487 0.6262935073
0.9615226526 0.6070309875
0.0263488610 0.0398606364
0.8671466165 0.5746376329
0.0305039831 0.8231971295
0.3541103830 0.2835280529
0.1898591913 0.5104042846
0.7450344126 0.6227901674
0.7654400872 0.6061782741
0.4122578566 0.8716887881
0.0850749344 0.8306534230
0.7265996357 0.7151167089
0.2927991325 0.9230555889
0.4589302801 0.9498283826
0.3634891841 0.0029762326
0.1467219014 0.4046977694
0.8173404506 0.7918236064
0.9983898869 0.7007229951
0.5711841768 0.8075747694
0.9687142101 0.7451366572
0.1193926768 0.4130480092
0.2187742933 0.2153078257
0.3260831260 0.6373629438
0.6348466498 0.2988576777
0.8406323295 0.9271728223
0.9266367345 0.8046373531
0.9197858406 0.7001644414
0.5909778962 0.7006837021
0.6730427882 0.0656579608
0.3042916566 0.2243315101
0.8548911359 0.0568882114
0.4823570335 0.5980803755
0.1002682458 0.4773814389
0.2249455343 0.9172705878
0.9071455888 0.9937178020
0.6125898256 0.1096308126
0.3525563547 0.1489860327
0.1376401054 0.0100082279
0.9715699931 0.8992859190
0.3001974980 0.0170890139
0.3576447157 0.7530409989
0.8949897050 0.2290424704
0.8011501774 0.3929247337
0.7374947413 0.2407168881
0.9901814461 0.7486608797
0.0182011170 0.5754215844
0.3853010868 0.4500946186
0.5514302975 0.2169938926
0.0509585105 0.9130616586
0.1645875353 0.2187373164
0.7091029980 0.4252603986
0.7780113821 0.2611338460
0.3992680903 0.5377740588
0.7162083557 0.9312283956
0.5321835126 0.8763004400
0.0253544530 0.4840827337
0.5882034369 0.3625123585
0.6565463327 0.2048998791
0.5491297197 0.3536938474
0.3304455043 0.7874672554
0.1718228584 0.5838484247
0.8747522175 0.4773912352
0.6051917857 0.6000475598
0.0744723971 0.3406473906
0.0736095069 0.6546168283
0.3959101274 0.4358705274
0.4295185643 0.1275715916
0.3440831408 0.3695074734
0.7466110804 0.3328476156
0.1213613035 0.7300135282
0.4360279117 0.7919565473
0.8284632240 0.3334192369
0.6490378066 0.2538959413
0.3642254300 0.5258119168
0.8032219774 0.4897805858
0.7059208994 0.6730541770
0.8243707647 0.7008941495
0.4508615547 0.2717470789
0.0915981980 0.0555290027
0.3866608696 0.1903506535
0.6738530373 0.4914081290
0.9572713416 0.3201852726
0.1217120524 0.8894551778
0.4997825906 0.5991845091
0.1791587592 0.7107953540
0.6383611001 0.1752944007
0.2856868410 0.6983644726
0.9965253694 0.2894888232
0.7417684321 0.1718111195
0.7274468327 0.8189822362
0.2160670480 0.4523075091
0.0890696288 0.5811038250
0.2030420750 0.3866351909
0.8733084100 0.8285330725
0.4073055488 0.6457238100
0.3425779103 0.6076754027
0.8227220470 0.2972462388
0.2544416527 0.9628025856
0.4373131434 0.6872129473
0.0238160919 0.9260189931
0.1069434085 0.2840732837
0.5196904584 0.0690166538
0.3689784839 0.0941209186
0.2728469584 0.0861635467
0.7658847713 0.1249593590
0.2255761451 0.0268629496
0.1675143884 0.9021467565
0.9361978766 0.5537610104
0.1138194626 0.9817301033
0.0533068161 0.2009907607
0.2759760625 0.8514886939
0.5922749234 0.9833532473
0.0483034922 0.1134854879
0.6440233164 0.6619975561
0.6652607160 0.8344284929
0.5986878430 0.4389917707
0.1627697578 0.6198851539
0.8929651877 0.3695049100
0.5130736511 0.7365833241
0.9625640698 0.2140857781
0.8184148641 0.9491985227
0.9425530152 0.0806682442
0.3699064844 0.9239875703
0.7472541036 0.5232253905
0.6927399472 0.0117837503
0.2056834958 0.7762620404
0.9926919447 0.3882065896
0.6595543282 0.5671200104
0.4831298482 0.3200147219
0.8246732268 0.1699226318
0.4620191787 0.4090327196
0.9311806600 0.9341854636
0.7415324277 0.0188647979
0.2202828838 0.2992907909
0.1879646248 0.7940562159
0.3683714441 0.0465921446
0.5430708209 0.0534861822
0.3863382773 0.2391934066
0.3037619768 0.3196274775
0.2495179106 0.5650333605
0.4564970222 0.0032810661
0.2574215108 0.2747630160
0.1348072044 0.5222609981
