0.7869506823 0.7248380583
0.2594573681 0.1246621631
0.6638158310 0.1569142044
0.3459154908 0.1553996791
0.5833688546 0.5664682781
0.8273887059 0.6855581775
0.5076098882 0.6020394171
0.2145777363 0.2730450539
0.0240770290 0.4205527365
0.7516021264 0.9455459640
0.4908192657 0.2550319559
0.0223673706 0.0186549777
0.0204855640 0.2533424282
0.1557181769 0.7564766504
0.9150430864 0.3910282153
0.7973414714 0.7927194792
0.1244529123 0.7920313466
0.6341236847 0.9710416428
0.2910640454 0.3553776504
0.4243769931 0.4446571883
0.7666855950 0.1306875238
0.2999779348 0.5993063877
0.4514787157 0.0519179740
0.9220406101 0.9815345418
0.1902928577 0.4610877402
0.0129708592 0.6584260216
0.8620453534 0.2606691034
0.7718011871 0.0531606242
0.8887172415 0.0296079037
0.3951710461 0.3577268251
0.9043245999 0.0760303807
0.6009027333 0.1212702701
0.0381443703 0.5639943276
0.4686187777 0.2559511697
0.8897090816 0.5268651169
0.4161584257 0.2288878271
0.9287880340 0.1367267927
0.9278494167 0.3288991871
0.2021270851 0.0527232507
0.1140845040 0.1430780852
0.9440022896 0.6646514601
0.2207831078 0.1847844395
0.9861303755 0.1518934365
0.6123108032 0.7840059969
0.6893015730 0.2352446644
0.3118447196 0.9652679760
0.3401754062 0.5283818660
0.4189640320 0.4653486182
0.8655861589 0.6601865306
0.3407356485 0.4466226766
0.7037546501 0.3335381836
0.2281419259 0.7009978715
0.7888186666 0.3488009002
0.4853561756 0.7378886139
0.2720569494 0.9278277288
0.5460982293 0.2418374465
0.5857963938 0.6408431906
0.2800150437 0.6455124433
0.4458403817 0.8522704410
0.9817307458 0.9544065876
0.7886147961 0.6095739938
0.0731650622 0.1657295039
0.0840937601 0.5045415161
0.6404617295 0.0638862331
0.7729865525 0.2521673739
0.6640832079 0.8283376377
0.4086453975 0.8488922240
0.2071808718 0.3653550870
0.9565053056 0.8929012260
0.2661565716 0.0002960795
0.7431614549 0.1885054573
0.7021861361 0.0246791288
0.0418518817 0.3058887356
0.8782121998 0.5848075564
0.7651729970 0.4398101200
0.1554818825 0.8616591459
0.3301298011 0.7303248521
0.9991669243 0.2237564455
0.4914910311 0.0756153309
0.8237726933 0.4056845518
0.6923874603 0.8600907360
0.9160314633 0.2093680308
0.6623795595 0.5825170082
0.5610802003 0.1366909763
0.9889220796 0.5697121809
0.4977625688 0.8044532433
0.1831043152 0.8721418472
0.1511564996 0.9311431368
0.5608615423 0.4677313035
0.7043811608 0.6785981340
0.2135497840 0.7306910443
0.3961809497 0.6069902395
0.0390389206 0.9334471347
0.2371559435 0.3005983568
0.2607400680 0.4684846108
0.3623594656 0.7951714700
0.7678735827 0.5057724632
0.4046661376 0.1876839145
0.1424491350 0.9762266353
0.6361836750 0.4289515037
0.4632481669 0.3826848556
0.5281478205 0.4019291506
0.7103409671 0.4474589328
0.4625622747 0.1556304502
0.5839024159 0.9621507178
0.8586803011 0.7696314174
0.7071978564 0.5772437895
0.3292415966 0.8588059597
0.6838435631 0.9591730534
0.8150089354 0.8320188417
0.2714414894 0.1065494931
0.6341161133 0.8855290141
0.2525305181 0.5561513925
0.8115062550 0.0574724099
0.6453812335 0.2421404825
0.4913262775 0.9097532285
0.0195937716 0.8471556619
0.1564389021 0.4078116273
0.2713395226 0.4209763524
0.5761467748 0.0220218978
0.1750382804 0.0775426266
0.5591307164 0.8584029595
0.8393281520 0.5545330657
0.0688126935 0.7563730630
0.6628937648 0.3770419870
0.5703799812 0.7982691913
0.4988662633 0.5722703788
0.9162301149 0.4631723051
0.1076742155 0.5928739670
0.6299850798 0.7209024239
0.3403450878 0.3479282387
0.5771002396 0.3831176231
0.0651701955 0.6498234576
0.6396198899 0.4789862511
0.1098164809 0.4287698422
0.3134911285 0.6924861169
0.3945754241 0.5383637439
0.4827591622 0.3367354194
0.4370897725 0.9733939116
0.2077600416 0.9863471319
0.5597441854 0.1722335477
0.9318055533 0.2709638799
0.2188196663 0.5347580100
0.0458615830 0.4929203508
0.3081215640 0.2030273156
0.1022702424 0.0214590120
0.1063623224 0.2340909661
0.8426266583 0.4601835618
0.0987135121 0.6858703472
0.4655143286 0.6734525351
0.7561245213 0.7133498549
0.1918863246 0.6267421245
0.5232330628 0.0327192309
0.9880242602 0.8127516025
0.0531741223 0.3373468571
0.9058033670 0.8667948167
0.3621195031 0.1037583692
0.2326363789 0.8286506090
0.9646889009 0.7452804141
0.0446793848 0.1236033008
0.7951567745 0.9672928486
0.3801768624 0.9016737356
0.4073009018 0.0870945703
0.8147069120 0.8905024059
0.7515957863 0.3070822527
0.1355652845 0.2952371511
0.1701679064 0.6366762029
0.3566407040 0.0300096892
0.4123255768 0.7502534812
0.2715992874 0.8038929512
0.6930484754 0.7852088785
0.6451948254 0.3157906355
0.1569975184 0.1770543614
0.0768444621 0.3740749513
0.8172899125 0.2130459276
0.4383114340 0.5576343991
0.2731942036 0.2727749379
0.9598698212 0.5343413304
0.6576264301 0.5408493407
0.5679637078 0.3044034839
0.8378346148 0.3310569053
0.9987552777 0.7289620263
0.1522814800 0.5213840957
0.5470114833 0.7345993844
0.3945897173 0.6797158160
0.0698692624 0.0438992757
0.5287795932 0.9533092821
0.7118766159 0.0782741478
0.7503426824 0.5937453479
0.0769267514 0.8703212535
0.3551095589 0.9350614515
0.5228267868 0.4928570825
0.8459613184 0.9514282181
0.5542930924 0.6705928740
0.9581410218 0.4056588815
0.9903883056 0.0713480715
0.9023324031 0.7002167362
0.8386009271 0.1548544395
0.8862404511 0.8871630085
0.3559857586 0.2719048620
