0.7198706971 0.1560817102
0.1186249567 0.2618745762
0.2700881918 0.1868661631
0.6023624642 0.9781834960
0.8511488028 0.2212939055
0.2808904681 0.0850837560
0.7214960175 0.7227058972
0.1286773782 0.3790468330
0.3470742295 0.4781245054
0.6058138029 0.6482575895
0.2058316688 0.2320797750
0.1695157359 0.2288317669
0.0423713499 0.5451972619
0.8143593996 0.0310876303
0.1252144292 0.3252377906
0.1947284917 0.5243133265
0.3839208881 0.1343094052
0.5202186553 0.6368430802
0.6318801282 0.3583255168
0.2897705718 0.2287291158
0.3050256141 0.1185859122
0.9887086040 0.9711488976
0.9983254223 0.6549775930
0.0064652338 0.3547995244
0.5797934741 0.4957849752
0.9873342398 0.1415068920
0.0775955899 0.8059499975
0.7753689421 0.8503352210
0.1343777582 0.7876074901
0.7489947975 0.0568867366
0.4919301283 0.3991269181
0.8854870799 0.6626568443
0.9519421508 0.6707866210
0.8495766556 0.3061826942
0.6484914856 0.9956287597
0.5177050959 0.1534112972
0.3045030418 0.8151360196
0.0043787468 0.0344530097
0.2533502856 0.6586989723
0.7236979097 0.9569085268
0.4273344230 0.6684205336
0.3485175376 0.8814001133
0.0188806143 0.4645879503
0.9188121553 0.9344356726
0.4447493595 0.0675522625
0.4617773647 0.2536116392
0.5624624334 0.0473695658
0.9481317149 0.8773616858
0.5090343186 0.8659303270
0.9208306007 0.1649515552
0.8905933392 0.5875184084
0.1340716852 0.5543180141
0.9688191194 0.5251404361
0.5120932360 0.4764603546
0.9220561770 0.7415177192
0.5117934605 0.9928508968
0.7298711748 0.3016744654
0.7436655945 0.5428211797
0.1691301042 0.6698817030
0.9414994046 0.0451690508
0.0208249926 0.3787363214
0.7218399020 0.6378738944
0.9064888402 0.1998977377
0.1059015738 0.8465688045
0.5748098508 0.4212575582
0.1619051748 0.4128439399
0.6428942509 0.7572979369
0.3868467620 0.2969412253
0.0716067189 0.1642927866
0.6510925591 0.0680894832
0.1733406356 0.3211461494
0.6785756282 0.8219367835
0.7984055553 0.9157539984
0.6256384953 0.2460253727
0.8376481826 0.6876746989
0.9754635683 0.7998149373
0.7714587374 0.8950715047
0.8703924525 0.7606223843
0.0714993438 0.5939854685
0.5174131778 0.2735327127
0.2995157257 0.4353879318
0.4929048132 0.9570914215
0.5949525094 0.8459170998
0.3630454694 0.0565459672
0.2471578845 0.3753641021
0.8332420208 0.3779168531
0.5693748881 0.7065647448
0.4472867882 0.5453492458
0.8262438411 0.3130044564
0.4209579726 0.9949227014
0.0514081910 0.7297674382
0.3184139139 0.6491931285
0.9556203143 0.4795085083
0.6156235452 0.2963080481
0.1674325479 0.9359676848
0.2485506099 0.9341781386
0.6883601409 0.8069408099
0.7543783813 0.5952164399
0.2411157993 0.8734423606
0.6603360926 0.9016539480
0.8936142943 0.0875092351
0.0991577108 0.5078149209
0.3232282928 0.3318099970
0.7480377706 0.4809854037
0.3795632327 0.6099927601
0.9220357631 0.8243188595
0.5100014145 0.5383679706
0.0333562492 0.8510521297
0.5526320132 0.1874202082
0.0364366114 0.7070885924
0.0143692107 0.2591647103
0.2186662215 0.8406264644
0.0621729425 0.4268806559
0.9348592878 0.3274042016
0.0139172756 0.1510828527
0.6663361365 0.6306056460
0.7819496922 0.1275689495
0.6363352869 0.9103304324
0.6787876198 0.3282144119
0.8947297480 0.9167220251
0.2899608669 0.5267577388
0.3638382698 0.7816852648
0.1096040908 0.1818908900
0.3875364141 0.2155848403
0.2564768934 0.0237748979
0.8901741423 0.5437095922
0.8855864482 0.1125496829
0.7683176038 0.2354043153
0.8901691914 0.3730576826
0.0608667157 0.0787187208
0.4540273049 0.7693645020
0.1169927882 0.9641679998
0.8042659180 0.4541071852
0.1685288549 0.5986949879
0.4088727080 0.4110402756
0.2518056594 0.3043197496
0.7725240245 0.2572076973
0.0488105913 0.9938673636
0.6545313148 0.1254611719
0.8171640042 0.4508226596
0.3118475572 0.9377992006
0.4221858262 0.3226333388
0.0655338702 0.2946680148
0.7644509670 0.4058140559
0.5626501138 0.3764719153
0.2794741078 0.7183721688
0.1245818295 0.1025210523
0.8404334675 0.9607707509
0.5581212550 0.0760368774
0.5894086772 0.1370920299
0.3733042213 0.9577499636
0.2282176031 0.7374648799
0.9443269200 0.2620875806
0.0925485213 0.6540388484
0.7228190562 0.0209130816
0.4588020337 0.3608220520
0.1378294209 0.7230492537
0.4590812309 0.0875826407
0.1330902370 0.0265714589
0.5086798115 0.8032437833
0.4350298586 0.6968240748
0.6735072051 0.2081613654
0.4844787905 0.6174735757
0.2360770808 0.7783734986
0.2421874931 0.5985938198
0.7988578004 0.6982628497
0.9079538043 0.4297562055
0.3222941539 0.5753121423
0.5367011321 0.9024965653
0.4496109227 0.4816301986
0.1463399567 0.8938857837
0.7098990663 0.6895914206
0.8444711900 0.8091311455
0.4635549253 0.7564614228
0.4494922321 0.9080081334
0.6605407720 0.5067948603
0.7809523912 0.7870924295
0.3584350313 0.2305165963
0.5540125948 0.2610304639
0.2247451372 0.4503789764
0.7536902210 0.1561322731
0.9503674471 0.6151954967
0.5965401482 0.5262870314
0.3180158695 0.0062741966
0.3515669424 0.7269189960
0.4498600498 0.1825527311
0.5380268246 0.7244864746
0.1937955454 0.0081116299
0.0260489661 0.9074543131
0.8269333568 0.5729692295
0.2207094848 0.1304314638
0.6894244605 0.4402909147
0.2255558531 0.5009449080
0.1720595262 0.0941195074
0.6281901055 0.6133104272
0.3969328833 0.5075341841
0.8852423800 0.0148488096
0.6574394257 0.4201808422
0.3385973081 0.3903228014
0.4134172584 0.8282973824
