0.2553163350 0.5989590418
0.9979891278 0.5687223787
0.2701870964 0.2106794864
0.8581973418 0.2918301505
0.3106804216 0.2754428252
0.2963744773 0.4167853765
0.5241063385 0.7790935114
0.7497224198 0.3580183667
0.8761896524 0.1366861205
0.5582984910 0.5136760130
0.0763289975 0.5499653305
0.3608300336 0.8123983946
0.5975179990 0.2829829098
0.0836302861 0.9826971036
0.2606327585 0.7583813110
0.7432159493 0.9284895872
0.8560670814 0.8195484922
0.0253439625 0.1507849758
0.8377306964 0.4706628186
0.9825933062 0.6987408814
0.9595262766 0.4055157353
0.7972204202 0.2798076217
0.9435197048 0.0821123274
0.5081739516 0.8731832059
0.5870107084 0.0088871711
0.7766603731 0.2173329513
0.9619478823 0.1608675792
0.1373052111 0.4688509314
0.3194496768 0.6442561559
0.5931806036 0.2046893433
0.2244104474 0.0516404293
0.7645041067 0.5494312912
0.1787026861 0.1849570038
0.3689303747 0.1976517332
0.2132098164 0.6029634321
0.4827964966 0.1146599182
0.0163494547 0.8899498421
0.9726088362 0.9811986697
0.4415940500 0.6178477410
0.1845758413 0.9916169373
0.6442804195 0.7922900221
0.6567942369 0.4314981351
0.6936097486 0.8317744460
0.4300682711 0.9385003223
0.2822563860 0.0497640326
0.6211689696 0.6562552659
0.4487618700 0.5241222777
0.3887243321 0.3600952614
0.3618242404 0.7171128914
0.2078939849 0.8365455850
0.6732636690 0.9297647562
0.8645825220 0.4849221077
0.1442411887 0.0506802897
0.1078426012 0.3617874100
0.8894104784 0.6144711841
0.5679541034 0.2885440704
0.0356883095 0.6442640898
0.7245852691 0.6992834267
0.5403829142 0.5765290822
0.0640758069 0.8797210334
0.5762253887 0.1099845126
0.4974514457 0.4957011286
0.3684118185 0.2812188679
0.3619532224 0.7843563536
0.2862230853 0.7008578199
0.4889293516 0.7205808186
0.2406989552 0.3077319081
0.5789898407 0.8349893895
0.4356899657 0.6751160658
0.7953315852 0.0722825019
0.7050541893 0.3138578466
0.0347697541 0.3012034391
0.9414495573 0.7996388844
0.9644497112 0.6119429110
0.4299654198 0.7786902388
0.0896053826 0.4313643999
0.9548909942 0.4454333659
0.5420418830 0.0053556107
0.7925884057 0.6665561479
0.1190399393 0.2459886112
0.0356160308 0.4800889576
0.5604441263 0.4037435400
0.8575920568 0.7255476624
0.6776919353 0.5625774140
0.2938806582 0.8261356507
0.1048383582 0.9634934554
0.9851197436 0.8014838531
0.0922724307 0.8584488124
0.6877432436 0.4999294675
0.6046755409 0.6317194750
0.6433168181 0.1247257244
0.9057239340 0.7575111182
0.0270685261 0.0561869819
0.1606441859 0.7365293242
0.4362125896 0.5700331432
0.8815155531 0.3623685990
0.5122865304 0.3442122721
0.5089297365 0.4551115874
0.3055380394 0.9433941211
0.3536286940 0.9590414833
0.4458129606 0.1002925608
0.7738008831 0.1563144951
0.3047441600 0.8782610253
0.8559195163 0.0637007016
0.2694725412 0.3717204971
0.7832862561 0.1431597395
0.9117347606 0.5642631443
0.7918131990 0.9947429951
0.1613463647 0.3211995660
0.6269141482 0.5160899684
0.6656753165 0.0581840065
0.6689955730 0.0205115310
0.6157033286 0.1892975036
0.2039943999 0.4463001875
0.8443516988 0.4202365264
0.9819377069 0.0399174636
0.4513555278 0.3913398269
0.6269634221 0.3500483907
0.4390603567 0.2481127504
0.3217648660 0.1255005226
0.7452216828 0.2346379955
0.8017703572 0.8462144778
0.1517588377 0.5484737071
0.5941384774 0.8876213517
0.0384566219 0.4085077484
0.7240821250 0.6149589514
0.8662377537 0.9337711212
0.8361154253 0.5376566508
0.7898292001 0.7403514907
0.3749368974 0.6134617791
0.0605168601 0.7867085160
0.6420752424 0.9687579892
0.7329890991 0.4012585619
0.6952345322 0.1806305749
0.5218762059 0.6357189237
0.3708625495 0.4802498061
0.0595519116 0.2428145220
0.1619037792 0.7075820079
0.2355424933 0.8974589792
0.1470460577 0.9110743055
0.1028782579 0.7032701396
0.2345651214 0.6809825483
0.2808024923 0.2118525865
0.4545482554 0.1935415076
0.8042562350 0.9261000707
0.7793540584 0.7959949633
0.9530710639 0.9140605470
0.9913103087 0.5041261750
0.4209543435 0.4441017741
0.2688232037 0.1352499262
0.9663439689 0.3381117343
0.2047373936 0.3849318295
0.0518699834 0.3303828937
0.1474923822 0.0960527525
0.1915378099 0.1374065169
0.5259773614 0.1717629820
0.8744415007 0.6792315600
0.1892279653 0.2657756832
0.6359534510 0.7214471478
0.4782405601 0.8900393485
0.2450320937 0.9582364811
0.7100448561 0.7657586455
0.7442848118 0.4904091632
0.1162508406 0.5826948258
0.4091513543 0.8760269957
0.1923299094 0.8099950029
0.1043014049 0.1828728059
0.5125970998 0.0715799898
0.8328477508 0.9747358815
0.7222309996 0.0681106586
0.3695622111 0.0589319590
0.3747218085 0.0038267812
0.9060090323 0.0058717599
0.4424160302 0.0057373955
0.8809314542 0.2686127493
0.6838369421 0.8758275699
0.5137138970 0.9432300058
0.3977023373 0.1390845765
0.3265411701 0.3539722995
0.4388441103 0.3226765679
0.0845208598 0.1213647332
0.3190893139 0.5214574444
0.5041727954 0.2687701262
0.5752592407 0.7528940857
0.6907513174 0.6484136990
0.3221928651 0.5682822289
0.9203893212 0.8760228593
0.1093061486 0.6351771580
0.1046689415 0.7909424690
0.8149944887 0.5862849836
0.9690873341 0.1444679494
0.2167749977 0.5092863929
0.2860316561 0.4808833897
0.9080144938 0.1833944737
0.8041114941 0.3575427407
0.6726972239 0.2666223930
0.9767841581 0.7100523632
0.4730270697 0.7221977332
0.9787870327 0.2679353885
0.6280062858 0.4245943319
