0.5565663991 0.5795553239
0.4504874657 0.7374899578
0.2060400944 0.7041683207
0.9741959971 0.2286677527
0.8134788590 0.8405065200
0.7057697261 0.5836683387
0.6339734239 0.2478782763
0.5594580634 0.7909831856
0.0919433684 0.0870685698
0.5535677017 0.2226216667
0.6975765875 0.8821001403
0.7001073199 0.6977315341
0.6281803051 0.3094966783
0.2138195186 0.2896865591
0.0117928855 0.1202269803
0.5406986258 0.5162104017
0.9754934047 0.4258777057
0.6444990180 0.5054160188
0.2707122550 0.0290454156
0.0488824463 0.1708071973
0.4500247256 0.5853052153
0.7036864625 0.7978909448
0.5424660521 0.6230426761
0.0694141533 0.7661710676
0.4246637271 0.1497458210
0.3108092139 0.9452848160
0.2451936618 0.8661281300
0.9332302126 0.9986965144
0.9528311725 0.6166466207
0.0316411615 0.6641070229
0.0891897385 0.7650757542
0.8205927218 0.2618335133
0.5318919773 0.6872365860
0.5090273953 0.4181642761
0.6467844650 0.6452193935
0.4536692723 0.6192146982
0.8800694709 0.9080702498
0.9551188395 0.6748152900
0.3308276743 0.1906331339
0.9486330992 0.0792632234
0.9182867575 0.8054435600
0.9055659270 0.6716616661
0.0801478462 0.8620802826
0.0609672301 0.3086744483
0.8049580382 0.6568733667
0.3607113891 0.9843134567
0.7834536738 0.9491985533
0.7499755613 0.6206426812
0.8371895604 0.9954907827
0.0165205833 0.8892700249
0.3879468398 0.6683726053
0.2228054143 0.3844394900
0.4743221160 0.8670195209
0.9520757133 0.8126041072
0.8480085248 0.6035802365
0.6095804552 0.3460961502
0.3320412717 0.4218447407
0.6096694979 0.7006393747
0.2507509688 0.2176473830
0.1648117194 0.6340800339
0.0938596819 0.9689569056
0.6864714070 0.6934354275
0.3321952605 0.8764744997
0.0395391625 0.5884586442
0.2044190952 0.0951204495
0.0086645158 0.7850898126
0.3305491955 0.5880911849
0.6968613097 0.1165579733
0.5104393757 0.2279915209
0.7118319108 0.9826107236
0.7107293775 0.3120664283
0.3083661777 0.1203133748
0.3017794346 0.5330326774
0.6427962129 0.5615756295
0.8125021437 0.4740913752
0.3566257300 0.3517170756
0.1480868291 0.1710006296
0.0354709117 0.3453827283
0.1093391324 0.8539616059
0.4453909776 0.3586462737
0.1644362575 0.7420771651
0.4227432278 0.0207102687
0.6701584530 0.3681262248
0.2957772049 0.3484070197
0.5761567975 0.4486540627
0.4312134787 0.2841372026
0.2473208743 0.6018638728
0.2002759870 0.4620866395
0.6532510983 0.0666348915
0.4913880054 0.3050368814
0.4728916914 0.5288791995
0.4115197656 0.4797645726
0.7920027038 0.4039680034
0.3425823374 0.8194420560
0.0293336200 0.5759965258
0.2561300639 0.7068444779
0.3039072848 0.0702226976
0.0894629374 0.2008687580
0.5090354119 0.4318248451
0.1468699526 0.2439495882
0.0018655047 0.9987400544
0.2757237008 0.1972616071
0.5914771464 0.8197068152
0.1192052252 0.5365664015
0.4434466277 0.4091702979
0.7695605759 0.1043860658
0.5599606911 0.1432113594
0.2595057809 0.4313186375
0.6020436219 0.1096349897
0.8765374650 0.1319274344
0.7685498960 0.8248927153
0.4385337545 0.0674145875
0.9456045466 0.2982835781
0.2427958523 0.9118017347
0.1743091926 0.8668532027
0.1051209775 0.6959322255
0.6969253125 0.4270975437
0.7948167609 0.5051555823
0.7706566062 0.2887889388
0.9456905059 0.5265941065
0.1114251007 0.6109563649
0.1615188010 0.3348397509
0.5092237622 0.7803977490
0.8851276325 0.4379849364
0.7091516036 0.8923745572
0.0375148417 0.0300597182
0.5962071743 0.9021428371
0.7749298992 0.7254166633
0.5927202949 0.0227125134
0.9235769885 0.2861460197
0.8861288349 0.3631658508
0.8159082233 0.0682508293
0.7513103931 0.2307292436
0.3882147506 0.7968598378
0.8680471206 0.4121474403
0.3687927519 0.2706674757
0.1843497771 0.7919345397
0.6297935735 0.4226175338
0.4110603857 0.9582699135
0.1443130649 0.9835701265
0.0706587964 0.4109383369
0.2825198719 0.6577232833
0.9680676654 0.4576273812
0.7034286793 0.1590374386
0.4649384575 0.6693007462
0.3689682064 0.0883796367
0.7518267697 0.0255733013
0.4528321581 0.7974825971
0.8773166840 0.5528583559
0.6987238115 0.4749312482
0.1966154208 0.1813275743
0.5103077693 0.9452744968
0.6574969294 0.7765906639
0.1966449921 0.5679321572
0.4898249440 0.9483936287
0.6542387677 0.1915156366
0.8458472200 0.7695852409
0.9745189680 0.3779905848
0.8616802584 0.8651469114
0.2642373873 0.8023529509
0.4864543892 0.1278822221
0.3175736921 0.7267562464
0.9692222996 0.9267313600
0.8251959561 0.7401068825
0.3941521250 0.8901722653
0.5648213316 0.2887736505
0.5240155737 0.0635128453
0.0827825371 0.0777982263
0.8383828243 0.1759594459
0.3661772265 0.7258338878
0.0842873778 0.2614512171
0.3669611490 0.6031099439
0.9067128872 0.1171553225
0.6253197672 0.9455674042
0.1310858588 0.3643446102
0.9257538237 0.7445855144
0.7666773522 0.3347869782
0.7696952455 0.1793218478
0.0236984020 0.5143760105
0.5297587205 0.0228727889
0.8796563453 0.2489536206
0.3827608915 0.2159287652
0.9558551207 0.1822744075
0.2910722299 0.2921603584
0.2251743215 0.0081159634
0.8575025066 0.5951996085
0.3960009147 0.4100759307
0.8804683909 0.0160554026
0.2123871030 0.5185126716
0.5546275408 0.8677328450
0.6555932115 0.9952631893
0.0884880034 0.9326817228
0.8838231316 0.9215795062
0.3098455336 0.5154562216
0.4677854240 0.2077037862
0.2120791674 0.9685929398
0.0755748240 0.4689856848
0.7725987615 0.5578644452
0.1389380517 0.4680123830
0.1718045192 0.0877251943
