0.8488868704 0.8514491843
0.2525888964 0.0024382980
0.1305566437 0.6988101197
0.6539512862 0.3725644174
0.5138559022 0.1429713226
0.9029217270 0.9135079626
0.9852567513 0.8390525742
0.2133061045 0.6345820457
0.0396573817 0.3315219244
0.0977132742 0.0658372622
0.5677788571 0.7682310028
0.1828959894 0.3412061347
0.8208241065 0.7689639060
0.7899150395 0.1719613584
0.2948297161 0.7357987496
0.4626059666 0.5846178645
0.0475054553 0.6924937289
0.6670520640 0.9424563369
0.4953441028 0.8495314946
0.1845016290 0.7339205545
0.8719124046 0.1810670717
0.9206240652 0.6310676777
0.2934504251 0.9458320562
0.8761617244 0.1022758923
0.1529686991 0.3734018331
0.3963163903 0.8418746511
0.3073625227 0.8111423409
0.8220401629 0.2486748225
0.2426628753 0.6681887264
0.6813968091 0.0754902876
0.2828411238 0.4016256762
0.4841996206 0.6950996966
0.9128365890 0.4085223599
0.1273302265 0.6744997746
0.0172101433 0.9792984368
0.3510135835 0.1800853513
0.7751057182 0.3856369609
0.4920055092 0.5139203033
0.4851645256 0.2105908333
0.4424096437 0.8213469670
0.6316360710 0.1807416013
0.0261981531 0.2363176209
0.4066812785 0.9297158535
0.5788045757 0.6961225529
0.0319393746 0.4372974809
0.0175381254 0.5132593265
0.6336142048 0.0656355053
0.1855595933 0.8519650503
0.2346872885 0.4170504725
0.9592395039 0.9794569711
0.3913542184 0.5317265383
0.5434900004 0.3766963642
0.0700782279 0.9892174287
0.0147196216 0.0658789029
0.4911760412 0.8103604796
0.9133836847 0.7600337723
0.7900746041 0.0595434510
0.0895015286 0.3760244445
0.5800774726 0.8169205986
0.6115649498 0.8820083965
0.8928826379 0.0166830795
0.2212548992 0.9184636693
0.7338014512 0.4867045528
0.0980769435 0.7682511508
0.8618934413 0.6626178597
0.4331350384 0.3995756547
0.2247199901 0.1649050387
0.8078315187 0.9058576095
0.7260800441 0.7612593794
0.2037488627 0.5404148813
0.0197202204 0.6094154680
0.0595066962 0.9069631499
0.7761156843 0.2668378407
0.3976447130 0.0209048769
0.3080195551 0.1190083539
0.8320142000 0.5662614444
0.3693502744 0.2032355651
0.0904505603 0.4851250600
0.0540738548 0.3966216608
0.5711529219 0.6268834791
0.1654860579 0.9282084936
0.8446298022 0.4416277596
0.7702109722 0.8520403728
0.5428003179 0.5660079457
0.2345076185 0.5240749153
0.5665511301 0.0405130830
0.3894405340 0.9730624733
0.7429640634 0.1956508752
0.9654463010 0.3050579113
0.6830938825 0.2418816761
0.0894134159 0.2557748948
0.9416691459 0.5301530320
0.0230318440 0.7853994658
0.9707162422 0.5563650463
0.5141656409 0.4706406406
0.2844600611 0.2468551703
0.6956819959 0.0061710862
0.3497082281 0.2848906751
0.6439922700 0.7224056472
0.2171943821 0.1065389251
0.9215921262 0.1638691446
0.8003927931 0.0964281167
0.7121810821 0.9153590816
0.2683130727 0.1853946074
0.5835029398 0.1355333948
0.0116470545 0.0713772213
0.4829842998 0.9375723149
0.4098922698 0.4488708546
0.3581720053 0.4789099311
0.2280463035 0.7603386836
0.4872056930 0.6211944591
0.6115166952 0.4765402488
0.7898802199 0.5660136892
0.5239302906 0.7278455157
0.0354737542 0.1804132122
0.5922036378 0.3898947715
0.4333786621 0.3394751995
0.4301679572 0.2609221710
0.2951863262 0.6132847520
0.9007975604 0.5765138134
0.1411652374 0.5486178994
0.7301001437 0.1142400161
0.3617399741 0.3755738057
0.8548397954 0.9423078071
0.5668611209 0.8823425642
0.1221973762 0.2038757248
0.1850103112 0.9726788814
0.9496888509 0.3534247279
0.7361179432 0.6349713657
0.3695553125 0.0708317200
0.7133654442 0.4209344980
0.7657138645 0.7070143499
0.1938633188 0.2732111883
0.9460381880 0.8800216373
0.8467600006 0.3248667082
0.4073980668 0.6415523125
0.1148653432 0.9446941876
0.0254452739 0.6724814074
0.2708078195 0.5100627656
0.0915320230 0.1264263085
0.7038781352 0.3173161550
0.7575852986 0.8296748469
0.1379247689 0.7980869470
0.1715580734 0.4533327658
0.8415711925 0.9977844312
0.5976312880 0.2750560768
0.7413897018 0.5526546430
0.3244190661 0.8308363380
0.9352305920 0.6886500929
0.7902352873 0.4601236950
0.6584274462 0.4625305805
0.8843774097 0.3750434373
0.7358816453 0.0148842549
0.4698072922 0.0006475645
0.6344769184 0.3105860907
0.4004277517 0.6755005696
0.6753139696 0.8476545438
0.1389758833 0.0433596087
0.3478761876 0.0266477500
0.3624390136 0.7306089474
0.2812440583 0.0322650536
0.5201092742 0.3120173893
0.1486118030 0.6114521619
0.4335971834 0.1464339054
0.6379460409 0.6051823012
0.2540114627 0.8730794856
0.5395715963 0.0846201254
0.3069468626 0.4944110675
0.6018601629 0.9790987982
0.5128503352 0.9769102373
0.8165888345 0.6785463909
0.1065637679 0.5551706830
0.3890124928 0.5652406470
0.9313288137 0.0629255319
0.6925784393 0.6587724031
0.9433929887 0.7346117174
0.8860870832 0.2537305620
0.5623858974 0.2210926334
0.5029276967 0.4127076628
0.6856898510 0.5565502898
0.3179709703 0.3688179852
0.6452898780 0.7865728302
0.8862594634 0.4874381694
0.6086997789 0.5277866380
0.7534644622 0.3208565003
0.3261155433 0.6616900442
0.9758106139 0.4481170268
0.1819961500 0.2722875722
0.6463036235 0.1612072098
0.5105058744 0.2604301115
0.1921308147 0.0752299977
0.3973064323 0.7625052050
0.0734497131 0.8355544408
0.9939152843 0.8912878572
0.7600708456 0.7193472793
0.9571096192 0.2468517040
0.4513066790 0.1068443385
0.9709025383 0.1585431372
0.1781630890 0.1958756977
0.2768442236 0.3157804283
