0.5550518675 0.4333085117
0.6771962313 0.6929081294
0.8070343120 0.5104686477
0.9839188689 0.5358270613
0.8652040235 0.4198472107
0.8210565980 0.9729965374
0.3751930617 0.6965161451
0.3694775971 0.3800003927
0.5240129739 0.5512180374
0.5804963961 0.5281013491
0.9782392367 0.1264178772
0.2063077297 0.4155423402
0.2354625223 0.1398638406
0.4170584242 0.1461946548
0.5798481175 0.4047079072
0.4750441550 0.0130463123
0.7323223309 0.9630377960
0.4572462799 0.3497680006
0.3898209120 0.4757319727
0.1607614572 0.9120884390
0.0799656785 0.2922957084
0.8876173481 0.9844590847
0.6323488498 0.9801872806
0.8700473379 0.7372778571
0.1327443015 0.3089883991
0.2835127335 0.3241675749
0.4154286014 0.2408283034
0.4884133361 0.2159795810
0.3991358316 0.4296341333
0.5414648478 0.0876917388
0.8428588720 0.4493697195
0.0821116212 0.6614760406
0.6532968011 0.2675961216
0.6698032980 0.5159885435
0.0845085529 0.0089497461
0.5915779965 0.7551100321
0.0917289727 0.5607267788
0.3705129601 0.0907621104
0.3501081194 0.0144220390
0.7638759945 0.2787752792
0.8948037725 0.6879327775
0.6561288786 0.7644135516
0.2467972768 0.1681081583
0.0161351733 0.5416534023
0.1931610896 0.5746419172
0.2972201898 0.6867124197
0.4706276618 0.1250363791
0.9440643117 0.7359420337
0.4636914837 0.0676831116
0.9517075401 0.6066021377
0.8464732506 0.5349714596
0.0980259480 0.2408023741
0.4264753725 0.8171801031
0.7422962533 0.4608111753
0.4815398647 0.6221279505
0.6802305726 0.3206448241
0.0600350801 0.9806193767
0.4230510294 0.3022536167
0.9422987555 0.2285367803
0.9720648872 0.9017336053
0.0196965575 0.6673187843
0.3150992165 0.8030019354
0.2718352651 0.4783051019
0.3796177516 0.5549409573
0.7892898179 0.8383673740
0.9050056574 0.8774941489
0.4052391987 0.0149121012
0.1462693720 0.6953488102
0.8867885576 0.9053240058
0.5064458044 0.7312792217
0.3389390263 0.5273971279
0.1455000456 0.5639624116
0.8646935159 0.7869712660
0.6786001417 0.2200098494
0.2432947225 0.0627473810
0.0925072492 0.4895714834
0.5488143685 0.1759248357
0.4411248798 0.9074773657
0.6240008889 0.1280739186
0.4862563394 0.4693263136
0.7870093878 0.0501440711
0.5508512742 0.9410352960
0.0620744439 0.7579850990
0.4519105310 0.5333485235
0.1187803146 0.3759967640
0.2661777286 0.3812365418
0.6478494542 0.6376874858
0.6047529537 0.3270872540
0.0049278844 0.0356805004
0.1217109162 0.9427937555
0.4713925816 0.8676404508
0.6032928836 0.2080359815
0.6035897278 0.8088291506
0.2253536124 0.7462892147
0.0358959903 0.1844198496
0.7342972937 0.6606388269
0.5619415923 0.2617824260
0.6965278108 0.7846642112
0.6650965373 0.4432984890
0.0852334974 0.8289851770
0.1447634238 0.1971367380
0.8273165195 0.3077743617
0.0020877413 0.8185325407
0.8588945609 0.1910114693
0.4273254005 0.6799257988
0.1150532815 0.4284765415
0.7451515951 0.3571070102
0.1926720429 0.2692716024
0.9314473998 0.4035415025
0.1743455899 0.4693365172
0.2244347459 0.9502480071
0.6101549587 0.0241245902
0.6430757630 0.8888230443
0.8378740563 0.5951804097
0.8997081394 0.1315735714
0.1357535362 0.1432302477
0.2563447575 0.8741606944
0.1539634678 0.6577123326
0.4891160034 0.9279649366
0.7050056186 0.0375814586
0.5916895698 0.4863961994
0.2305411364 0.6505475792
0.0366986529 0.3555550990
0.7469190197 0.5985661415
0.6093547304 0.6036957632
0.3675659016 0.9237233729
0.2391789262 0.8002832911
0.4491449678 0.5952348675
0.0366166804 0.6129436307
0.9335394919 0.0208513756
0.2978389085 0.1991468305
0.8155185712 0.3702111291
0.8574894535 0.2508863322
0.7907773588 0.6656018307
0.7873682564 0.1989044518
0.1401898267 0.7756775014
0.1909534413 0.0734280195
0.3053328954 0.9585843255
0.7546674247 0.4179288131
0.2744612469 0.5718319019
0.6331650538 0.9197285075
0.3198934567 0.8528641861
0.1526438149 0.0057494867
0.9293363173 0.5242636277
0.1846253945 0.3430919653
0.7328094369 0.1140774651
0.2883939867 0.7233570592
0.3108467304 0.4252594551
0.6336995578 0.0736947098
0.9603639751 0.2994247882
0.9582864123 0.4438232603
0.7410148971 0.2102592240
0.5434257925 0.3514230182
0.7126856447 0.8523520556
0.2741526361 0.9994990061
0.9574961870 0.9616611970
0.2843315451 0.6123390378
0.9973764581 0.7248699899
0.7976082151 0.7908485832
0.2623510975 0.2730307847
0.5614466292 0.8658823076
0.9912463416 0.2548467363
0.0454946696 0.0853596451
0.0519765596 0.8824697129
0.7575829083 0.9491791331
0.7740983671 0.7375962758
0.0969037846 0.0941279657
0.9071544598 0.0637205328
0.3951643567 0.1774890071
0.7464591031 0.8947421060
0.8370947251 0.6199813635
0.5780691426 0.6608057519
0.9051356412 0.3239989013
0.5160659520 0.8207781374
0.4992055513 0.2796849064
0.2938975229 0.0729580775
0.1587846468 0.8709680829
0.2307360165 0.5159587244
0.3507954757 0.3040977273
0.1989297717 0.2181609776
0.6714394370 0.5678071864
0.9702709222 0.1654619139
0.5495634500 0.0717607623
0.8552816388 0.8585337952
0.7479072334 0.5333408885
0.6911199133 0.1539417945
0.3629218591 0.6326287134
0.6943234071 0.3519496465
0.0408666896 0.4587270400
0.8526215476 0.0540790294
0.8141764195 0.0962893840
0.3984248652 0.7633686665
0.3443841277 0.2122849146
0.0021909992 0.7886466473
0.4636160729 0.3996378856
0.3724984444 0.8611080114
0.4786048651 0.7338600072
0.1495223438 0.8359737981
0.0044614683 0.3753376102
0.5441390359 0.6809854895
