0.9307526040 0.1955142006
0.4249690301 0.3829964030
0.3024678536 0.5762849482
0.0299758413 0.7879718732
0.8411782299 0.7531473165
0.6959443195 0.4247438412
0.2424452996 0.7379892494
0.5555499103 0.5706372295
0.4250260797 0.0099451395
0.2637524756 0.4705714658
0.2311566736 0.2542307952
0.4399166380 0.2655685405
0.2908869645 0.7585403623
0.4303193372 0.2016677930
0.6072307703 0.1899212526
0.9868008950 0.3544307563
0.6076595283 0.8783509064
0.8079870751 0.0338177226
0.1340825738 0.3392758335
0.4570858793 0.1569174553
0.5352587210 0.3042382128
0.7941455627 0.0891625347
0.4577266160 0.0713538888
0.7750547985 0.5393567018
0.3574932078 0.5920794429
0.8979586965 0.7117175559
0.0960808704 0.9942268976
0.4147932662 0.6874944441
0.1205106451 0.5997210318
0.1180381494 0.8594688816
0.9938558419 0.5399815292
0.0993733956 0.1235400529
0.5323773038 0.8995419315
0.8428067252 0.1776572485
0.9371116514 0.8609634535
0.8513274556 0.2365422663
0.8844158832 0.5041449689
0.3653164069 0.4314807706
0.5960360675 0.6881532048
0.2130468615 0.5215506904
0.6664507818 0.8045117543
0.4737220909 0.5267617064
0.5302246166 0.4576878811
0.7329940292 0.6401371130
0.9650905694 0.0581403917
0.6937229410 0.1874999566
0.7549415443 0.9669312401
0.7450545744 0.8730789988
0.2936136006 0.8637170903
0.3682589605 0.5202703826
0.3612509716 0.3577244703
0.9111559239 0.5952448289
0.0481593962 0.7262154888
0.0101642049 0.6584223107
0.9479732486 0.2905081681
0.7144344862 0.1476100108
0.0145647807 0.4262003993
0.5783903328 0.2847785519
0.7804204752 0.2710146723
0.3665664396 0.7790642808
0.0368570329 0.9203507506
0.5092808628 0.4345035437
0.3134859695 0.2317202627
0.2080342465 0.7703510516
0.2997145979 0.9765792028
0.2058172640 0.3614410958
0.2187718012 0.8455413598
0.9169874225 0.9633348562
0.2505475353 0.6188586638
0.6753318904 0.9184397802
0.8357708155 0.4692907452
0.8666183625 0.8187270407
0.8002813998 0.6871540674
0.2084279738 0.2484890856
0.9132301123 0.0786646730
0.0929922449 0.1843323836
0.5175605419 0.0312590847
0.7296382531 0.3101161148
0.0578278431 0.5711469684
0.7284598129 0.0485685404
0.2797218499 0.3198615977
0.5126878830 0.1260507581
0.3524109133 0.7139503385
0.5112016993 0.8216427711
0.2382388621 0.9159023462
0.5067747111 0.6651498934
0.6828379983 0.0382664014
0.1989683347 0.9622087603
0.9334842000 0.2196162522
0.1257453007 0.9332396524
0.2302152449 0.0845138302
0.8266756514 0.6421878411
0.8405466226 0.3512916974
0.9760967530 0.9404815300
0.7204930266 0.9500902003
0.5852503159 0.8021210217
0.4758961097 0.4229316913
0.0382175203 0.4985832325
0.7616242026 0.4975104195
0.9729771732 0.9355754924
0.9995786413 0.8507246533
0.8104349405 0.4137434802
0.8524464505 0.5673107699
0.7982546209 0.9223257950
0.0650060383 0.3578235654
0.3587003306 0.4758672743
0.9818645765 0.0708305037
0.0736810284 0.2979378813
0.0157632608 0.2836753570
0.1479966688 0.4324934663
0.1112738994 0.5110335366
0.7789640290 0.2389030585
0.9188496287 0.3497453863
0.6013157284 0.4994350973
0.9807151714 0.7168534690
0.1534298616 0.6722208259
0.8585131003 0.9305343007
0.0798584570 0.7971848335
0.9850219822 0.1378637007
0.3424861153 0.0778282727
0.6506387587 0.6834237674
0.7692315947 0.1478780302
0.6818678581 0.5036595252
0.4391019683 0.5607005827
0.8606677064 0.8459944540
0.2846142340 0.4245450530
0.2170644916 0.3605735179
0.0785990353 0.6867523740
0.4262168666 0.3213772765
0.6169683638 0.3756662061
0.2642761277 0.0493402475
0.2594204260 0.9896762185
0.8788316460 0.4172514348
0.5587912758 0.2206414488
0.5111374317 0.7802001437
0.3677643931 0.1571147431
0.7711035787 0.7231296999
0.5846408866 0.7345905443
0.6362109445 0.6003242782
0.9388670157 0.7921544221
0.0574323599 0.0666746284
0.5906858446 0.6334192133
0.1145337148 0.2549847768
0.6882984765 0.3000723227
0.5339850912 0.1684713023
0.3757578394 0.8387241342
0.4940196975 0.9285570455
0.7262957792 0.8298633486
0.2897627725 0.1653695028
0.8366828726 0.3111499575
0.2880476006 0.1260241716
0.6225158230 0.1311683656
0.1999078037 0.1574912159
0.4210855917 0.0919481134
0.1364173262 0.0983485292
0.7772833438 0.7749133016
0.3541983355 0.9508419560
0.4027240805 0.8901447773
0.3974773892 0.6184845758
0.8717836823 0.1302590385
0.5451124903 0.5581331049
0.6507141546 0.0951224085
0.1241157865 0.8750152393
0.7230956511 0.4001761240
0.6148670506 0.9884792328
0.4929562372 0.7364443906
0.5547851881 0.9751326591
0.1664883475 0.5475968978
0.4788837011 0.6301414504
0.3177047977 0.8536063931
0.7954562913 0.6033933569
0.6471622540 0.2827815762
0.7006593921 0.7299530088
0.9400481075 0.5026924788
0.2591577162 0.5422477809
0.2094767197 0.6857316835
0.6704309364 0.5434543532
0.3421865447 0.2479478633
0.0693715102 0.0344366891
0.3335320649 0.3186672369
0.3062251451 0.6752493495
0.5739416124 0.0673855506
0.0216304967 0.2059045083
0.9522804829 0.4250063798
0.1578680182 0.7920046477
0.9586242189 0.5966505449
0.4993827796 0.3199589660
0.1530876059 0.2214811925
0.9536705231 0.6527226236
0.6203431663 0.4403318051
0.5725114344 0.3755886239
0.4641438289 0.9729816270
0.1627654771 0.0171917382
0.0731258460 0.4280515889
0.6545801979 0.9051257238
0.4456381816 0.8905228410
0.1713723689 0.4548161326
0.1325701834 0.6757934028
0.4349971287 0.7717843909
0.8519617127 0.0228576280
