0.7556744589 0.9574269959
0.8164056263 0.0401802367
0.2882706969 0.9212792586
0.1429606214 0.3719597286
0.5364863677 0.1720497840
0.4497515886 0.6070077274
0.3709195786 0.7684841505
0.3792620798 0.6488558615
0.9754299304 0.6679385280
0.8705731720 0.7529510815
0.7090720814 0.2835235365
0.9662262769 0.5116020175
0.0425422688 0.5248421511
0.5057789991 0.5831625409
0.5984956744 0.3060953869
0.6979914706 0.6592636922
0.6981828036 0.9892804986
0.2193824681 0.9147390384
0.2376534151 0.1774599002
0.9081336295 0.8643435883
0.9013547436 0.2764922250
0.7963427779 0.7637117424
0.8426643815 0.9603184492
0.8325090015 0.5635022175
0.6566983216 0.7351749359
0.2596491022 0.5145696260
0.0098658069 0.9841640177
0.3719538893 0.3283875796
0.1249553945 0.4285176056
0.0491175907 0.9378442424
0.6261316057 0.0666124913
0.6174361797 0.5538423886
0.9908936121 0.0917686962
0.7927291606 0.0406029683
0.9765266280 0.7819117760
0.3665365203 0.7087447278
0.4969433542 0.8749440260
0.6550312840 0.5336696743
0.3786679949 0.0726506107
0.0549471908 0.6594246462
0.1567285364 0.2188363412
0.0693687784 0.1941717984
0.4160317487 0.2649833204
0.7184648581 0.3721138682
0.0791253373 0.0843519018
0.7614885165 0.5927069187
0.7424098367 0.8191570790
0.7701399725 0.1360465572
0.1137612573 0.6286778815
0.7473556060 0.7245480424
0.7914742367 0.4137051348
0.5063450622 0.3391015502
0.2300365920 0.6585770450
0.1015834981 0.8588904039
0.9135867212 0.4161904394
0.2622510018 0.0376001379
0.6459225142 0.7933194660
0.8887100562 0.0962521877
0.5548330844 0.7424531445
0.7091774648 0.0666913581
0.5937567098 0.8095073931
0.9575952800 0.8173824087
0.2382787130 0.4646300000
0.9752087354 0.0208029102
0.2287626336 0.2253958974
0.1464329183 0.7437486292
0.4743175536 0.9466290893
0.1487815146 0.0345950614
0.9851084368 0.1448497297
0.8104199367 0.4582680688
0.9268837277 0.9424392813
0.3070099497 0.0196229500
0.0027817926 0.3500081845
0.4198405626 0.1811553155
0.1737794498 0.6009865345
0.0835988143 0.9964914173
0.0720798780 0.1705519999
0.2882054693 0.2737134322
0.1136853465 0.5479887519
0.8073682925 0.2884736088
0.5257113154 0.1205662414
0.4082624335 0.7818352476
0.8743596970 0.4811207343
0.1770258710 0.8665937256
0.9175784153 0.2286112216
0.5986874272 0.4659429937
0.7219640191 0.5539568652
0.7193411580 0.4649646145
0.1450449307 0.0818437960
0.0363469871 0.6158709111
0.4589710270 0.3030066973
0.1311732912 0.7748534122
0.1018286073 0.8664653134
0.3223323664 0.7188231950
0.0929641277 0.7773694840
0.3971237626 0.4655736290
0.6700366636 0.9736354525
0.7662075397 0.1254918564
0.8294538858 0.6594451023
0.6159629149 0.9035597162
0.3241528571 0.1092633031
0.5282840946 0.8856705759
0.3305260901 0.5178624514
0.1233492154 0.9743966657
0.6911162441 0.1506742173
0.3165608797 0.1705612229
0.9186919489 0.3348601027
0.8397761965 0.3821863845
0.2688230620 0.7204598514
0.4346966890 0.8494444234
0.5429446081 0.2641003670
0.3561360141 0.8612620414
0.1912928123 0.3901663583
0.2843388445 0.8869425613
0.7847703962 0.2215834964
0.5171594625 0.3497207562
0.2709310485 0.5766764264
0.8541316802 0.8303582528
0.2641920318 0.7906591384
0.4522128041 0.9890348624
0.1921184970 0.3032131433
0.0438528591 0.7470903517
0.9862951644 0.3132779966
0.7913177862 0.8582257553
0.5529567225 0.5187698225
0.3131476315 0.1945213951
0.9695082099 0.7134002634
0.0714855086 0.4460639456
0.6403978780 0.6178585336
0.6864399190 0.4714225694
0.6008788433 0.2317586014
0.1647445383 0.6803118420
0.8988489600 0.7022683065
0.6854752249 0.8923109249
0.5204742564 0.6298481067
0.0637974763 0.3257679133
0.3037186054 0.3557625647
0.1764199450 0.9495861179
0.2401425106 0.7934699809
0.5483603543 0.9205385873
0.8719617762 0.6054622300
0.7980094477 0.3303053340
0.4000304701 0.9338652050
0.8518021120 0.2184333807
0.5681077068 0.9764579624
0.4541322075 0.4098501201
0.6146044603 0.6824706659
0.4040910163 0.5392691910
0.7109023468 0.2248437518
0.3494410599 0.4250991173
0.3017454279 0.6403448958
0.9591086259 0.8771642274
0.4082686614 0.4041486676
0.2408574246 0.3536901165
0.0988408394 0.3429177067
0.2264686610 0.5772275757
0.8145451465 0.9070821769
0.2695994447 0.9725660908
0.4892127134 0.2170061349
0.4952587311 0.5304289642
0.6784386661 0.3959623976
0.1713495164 0.1323733439
0.0120392629 0.2544126086
0.4815632880 0.0933182712
0.6261932386 0.0252983566
0.4193160574 0.1286561013
0.9339843810 0.1704097165
0.3576949569 0.5799434551
0.5251313792 0.4180187715
0.4368345963 0.6801324890
0.5509499818 0.6681253943
0.9449643602 0.5679026949
0.8013846233 0.5019916967
0.2939155192 0.3634986515
0.9356737452 0.6208148696
0.4711059028 0.7829445358
0.6194977829 0.1745403582
0.0517126181 0.5368603211
0.8765659854 0.9914119230
0.3568876153 0.0093391891
0.8009089214 0.6900453555
0.9363237004 0.4925177134
0.6459637132 0.2764166191
0.6358895640 0.3587754615
0.7172163475 0.6700296764
0.5417615201 0.7269393855
0.1858068212 0.4786516646
0.9974759828 0.2267727858
0.4329472972 0.0249388649
0.5320182377 0.0299133293
0.5949511475 0.1142124953
0.6894059839 0.8473251816
0.3640007329 0.2392628456
0.9538856026 0.0540412107
0.5274577948 0.4727201754
0.8198470433 0.1285813161
0.1300088724 0.2618772753
0.0157529421 0.8773761398
0.2086756822 0.1052471197
0.9911205644 0.4544196252
