0.9247309070 0.6161386416
0.2704959083 0.4904737849
0.1116100843 0.9985748549
0.4283078118 0.2627087176
0.0493652559 0.2023954921
0.4670980884 0.1001847540
0.9536268856 0.8794229842
0.8658991140 0.2967507102
0.7949088444 0.8915071361
0.6160680151 0.6829993782
0.9548101907 0.3606699643
0.6497571338 0.5746525762
0.8956759933 0.5148139816
0.0881018480 0.8864883072
0.3246621645 0.8983922437
0.0435149473 0.1185736452
0.0194356721 0.8438343881
0.3515146401 0.5543918394
0.6963485181 0.4367161768
0.6587526689 0.7439902332
0.7865553738 0.4692769363
0.1938685835 0.6264298589
0.0606282452 0.6249801371
0.9608541235 0.0004164635
0.7898752189 0.7433999378
0.1582561352 0.1949453711
0.1715457271 0.8959521718
0.2554159880 0.6940620890
0.5551859191 0.6557045884
0.9722630406 0.6804829164
0.1126352963 0.3258144022
0.6429335386 0.9382491924
0.4292102970 0.4218886233
0.1969075880 0.7861887137
0.6711935712 0.8816528213
0.3533593028 0.5849857692
0.8131922783 0.8350524428
0.5208207598 0.3618459337
0.0090119369 0.2136753113
0.5092753487 0.2868598331
0.4503119249 0.5723351610
0.0700128382 0.7760988687
0.2462239793 0.3706457016
0.8438081163 0.8134554201
0.3817018649 0.9418396138
0.2723279462 0.5426509277
0.1667380454 0.9679847487
0.0262467446 0.4372962131
0.4092507131 0.8560970541
0.9663530220 0.3148854644
0.9727309345 0.5992222041
0.5911027365 0.4643364202
0.9515679016 0.7083299712
0.0920321492 0.0797164692
0.9078841046 0.2471853476
0.8948747540 0.2304987377
0.0164711946 0.9348502604
0.3346682148 0.2228097644
0.7425150539 0.8142824461
0.4428862561 0.1635292195
0.7991950554 0.2811768451
0.0740190746 0.4146887191
0.1747596815 0.4455772560
0.2012875685 0.0289394404
0.0077468851 0.2816686248
0.7822993868 0.2030113115
0.3046604148 0.0050382725
0.4208071185 0.3707468733
0.9799323090 0.4221631899
0.6111783355 0.9880355448
0.2761607977 0.8696448630
0.1592158846 0.3301819971
0.1450703390 0.8213452315
0.8466357471 0.3892244683
0.5028256452 0.7653853203
0.6779390352 0.6468590184
0.4864506829 0.9359538967
0.6165993626 0.1248547619
0.8448286577 0.9129646030
0.2974171887 0.6201024486
0.5637471869 0.3067553623
0.3740567826 0.0528922070
0.2528410005 0.9331603851
0.3746948770 0.1307210412
0.7304445032 0.2490309013
0.0274124384 0.5471724896
0.1175022973 0.5899395820
0.6029565489 0.0030479558
0.6259420297 0.3462938680
0.6503447204 0.2493155453
0.7778656136 0.4061212734
0.1663217352 0.6698841974
0.1168186246 0.9247146342
0.6966830820 0.3436880765
0.3503410743 0.2780015014
0.2139643444 0.1634976009
0.2415979651 0.1273620091
0.6778310331 0.2785438540
0.1388448082 0.2598423021
0.5104860990 0.4591091325
0.5004318982 0.7238327898
0.4221825511 0.3233507946
0.5676116300 0.8404642639
0.3856142753 0.6657148830
0.5436804224 0.0907320894
0.2280177441 0.3559865749
0.8698910120 0.3521447601
0.3972604245 0.7365448270
0.1636944540 0.5432061640
0.3175595033 0.7251962433
0.3103895598 0.4019100310
0.8668167062 0.1636764548
0.5185091755 0.1411631205
0.9674196984 0.7715804521
0.8465112539 0.5881188555
0.1250526810 0.6963416703
0.3540190392 0.1466230227
0.9172023588 0.4314271503
0.9623911940 0.5083981102
0.1373942218 0.1149558895
0.9934407119 0.5049660545
0.6214721465 0.8364074222
0.5060186242 0.2064480207
0.2300982664 0.8633741536
0.9612549185 0.1847722929
0.7533959034 0.6431224854
0.0316177105 0.0185865021
0.3418231938 0.8073832484
0.2066840589 0.5576700950
0.8443784327 0.0522681713
0.8633989700 0.7385624292
0.6866868572 0.4331814136
0.7759650840 0.6885461354
0.9256350266 0.8543551812
0.2873182993 0.3014052792
0.6058890924 0.5473830765
0.2047068514 0.0694009835
0.4842994942 0.4937313811
0.6969724245 0.0602648745
0.9690522327 0.7843463931
0.1375035841 0.7531379096
0.5841250429 0.7670498310
0.6412706014 0.1198118616
0.8686588307 0.0112415644
0.8294943293 0.1028452259
0.8822357514 0.6832262847
0.8539838735 0.6528430441
0.6070800185 0.4197912887
0.8705551251 0.9219435715
0.3484144657 0.3733992290
0.7247105361 0.1902247605
0.5160913180 0.6561078452
0.0549488431 0.3315232028
0.3525462545 0.6700861721
0.4029580531 0.9940014235
0.4238559655 0.7970711059
0.7367310040 0.0313761011
0.5280574224 0.4033742098
0.4575942678 0.9854727441
0.5316963752 0.9687224699
0.6910324749 0.5078896573
0.9580309021 0.9659204242
0.4921705634 0.7995666349
0.7178875696 0.5838465465
0.5643156630 0.5653149304
0.7466891328 0.5510726223
0.8325655420 0.5525590905
0.3160559158 0.9970204669
0.8345843905 0.4818473686
0.2110901657 0.7840737092
0.7081085141 0.9386944084
0.0605478822 0.6869104978
0.4960398390 0.5681675379
0.4481448541 0.8836568378
0.5994211470 0.1929793802
0.2923649053 0.1134791016
0.6882236552 0.7056738561
0.0119612716 0.0961719242
0.9456593811 0.1092849787
0.5219095724 0.0402200821
0.0951979842 0.5239427252
0.6946733137 0.8089256625
0.1523807076 0.4080430287
0.3060327534 0.7814860949
0.5850989384 0.2349819468
0.4144609160 0.2176327317
0.2745206691 0.1652216946
0.4097084949 0.5069375600
0.7106661970 0.1135847175
0.2310536537 0.2598552431
0.4387032737 0.6386826310
0.7966536754 0.9997902135
0.7654704401 0.3485272633
0.7367171243 0.9627897517
0.9236341512 0.0411475537
0.1290844380 0.1957216986
0.3568593726 0.4712277890
0.2162379476 0.4666744035
0.8114280351 0.1222170005
0.5560691187 0.8911458819
