0.3930707729 0.8755717381
0.1492654739 0.0954050819
0.4505246476 0.5033234535
0.5837196462 0.8317800751
0.9597222323 0.1873857279
0.9432421798 0.4156807949
0.8955671695 0.6086943666
0.0942559849 0.2313711041
0.7903147778 0.8983604069
0.3708937681 0.0109408136
0.7030140703 0.9257262102
0.5672641368 0.0941488283
0.1437878423 0.9343693845
0.8890532671 0.7344665767
0.4621702986 0.4021614328
0.6295686921 0.8104944096
0.0083802324 0.8962601886
0.3849901182 0.7625281717
0.7033491093 0.8396078113
0.5464915194 0.2831288399
0.7530454250 0.2345108158
0.2865169121 0.0254863520
0.0978763884 0.6348411752
0.2769914049 0.3972356895
0.4696341967 0.8909469686
0.5092617841 0.8544020391
0.9862231096 0.2621002947
0.3113402743 0.7109684846
0.1199743806 0.8098132933
0.4120772020 0.2804367344
0.8415054709 0.8614933441
0.3191900731 0.4364472617
0.7316210398 0.0940959887
0.9842790985 0.5995962264
0.3755470394 0.8212080963
0.5448065339 0.9719210305
0.1842142874 0.3817865184
0.6601007073 0.9889591178
0.6881677937 0.1389300326
0.8663223611 0.2764372049
0.3723876553 0.7361025433
0.9055947392 0.9245502185
0.0360281956 0.4766852863
0.1017240903 0.4331584307
0.5274198720 0.2205287712
0.8259581802 0.2330072879
0.8349771612 0.3768615034
0.3407333915 0.3295346151
0.2323644016 0.6989362777
0.4781493903 0.6822270284
0.0291629044 0.6545601920
0.2398848219 0.9047585058
0.0647576876 0.5612677415
0.3893050989 0.1559304138
0.2672400336 0.5128582704
0.6327540433 0.1074647741
0.2211583369 0.4333813227
0.3304264960 0.5227118854
0.8080072809 0.5558725492
0.9492689810 0.4678862314
0.0119325971 0.1469572526
0.7443135373 0.3073679038
0.8280454604 0.4731503643
0.7970737515 0.7035848434
0.9127983560 0.3591578496
0.4970698107 0.1406464315
0.7310395075 0.4882656672
0.6139092031 0.5786611121
0.1466709599 0.5366079178
0.8329187451 0.1471666144
0.6177875195 0.2554871942
0.7642777202 0.3875407826
0.3468198012 0.0043014252
0.6327566929 0.2472874827
0.2857374685 0.3624539033
0.3641364865 0.2184973664
0.7381875765 0.6766539230
0.7103511842 0.2045074465
0.2413649842 0.2923298159
0.6850803185 0.4662157030
0.0945697077 0.1664071253
0.6119248333 0.7250700805
0.7630068000 0.9819536569
0.4556918868 0.0305940192
0.2543819004 0.1162908189
0.9756249889 0.6552980393
0.3270887432 0.1002471204
0.8544032133 0.6527631215
0.0908429592 0.7345755758
0.2918857278 0.5765702548
0.7893984671 0.1529553620
0.1582185057 0.7213950622
0.0031539462 0.3284232429
0.8809649873 0.8135305114
0.7876697742 0.7391823806
0.3642404531 0.0767278342
0.0234657669 0.6852362429
0.1575707590 0.2829159954
0.4736717127 0.5889608675
0.3753482749 0.5298399570
0.4959440193 0.9283979517
0.9906416705 0.4990273342
0.8588545185 0.0817135844
0.6383384928 0.3534231585
0.1410085682 0.9664388110
0.4841730022 0.2218778387
0.0571944041 0.8453464313
0.0779829893 0.9376931963
0.9041327406 0.2844000562
0.2373001486 0.9736455496
0.1402786197 0.3742612699
0.1432950952 0.5856057967
0.8766672279 0.4201714913
0.2110579591 0.5743286606
0.8383503036 0.5332923806
0.6775870440 0.7298402083
0.5077013943 0.7555806268
0.1491506905 0.8901497019
0.5696588525 0.4136942369
0.0689665873 0.0089594759
0.2691011117 0.7846001690
0.9595540189 0.3574895588
0.9019960042 0.6644975709
0.1928471182 0.1523047783
0.9412421138 0.8124858408
0.4490676365 0.2459409180
0.6389503650 0.6661507911
0.9742001368 0.0746907326
0.9122589138 0.9761215245
0.1044194595 0.3413061746
0.3175917620 0.9328046484
0.9291817460 0.1982944555
0.6296122448 0.0313465656
0.0635752889 0.2774980012
0.8613911901 0.9702535978
0.8164208695 0.9970305223
0.1423512169 0.1864212080
0.0348829472 0.3823197172
0.1644317814 0.4558169949
0.7528548760 0.8892921642
0.5089890076 0.4379566918
0.7281820958 0.5943328052
0.6066692262 0.9125429608
0.2508387018 0.2074800372
0.7613827642 0.4294928566
0.4904132832 0.0380578044
0.4624403184 0.1273967877
0.4223935310 0.3706303142
0.3276189590 0.6333522165
0.7940951639 0.0582511338
0.4358414882 0.5911319679
0.5500087778 0.5767606657
0.5822854224 0.9831569623
0.6620721600 0.9010196968
0.5594570369 0.7336579582
0.1508773807 0.6165693389
0.4932028593 0.3421379375
0.0719865478 0.7605982337
0.7106490119 0.6411695898
0.5028067886 0.7588262042
0.9353884610 0.1031886300
0.3483194001 0.5884081772
0.2775176065 0.8142792870
0.7794829312 0.8173633274
0.7759181515 0.3087494053
0.6483462036 0.4581384997
0.9772663878 0.0152350096
0.2492315616 0.0754559957
0.3166730424 0.2725676370
0.9007851614 0.1208701659
0.0467549168 0.0852191844
0.5446769532 0.6267010032
0.7190174473 0.0286136113
0.1739195346 0.0213584468
0.9924004100 0.9550930078
0.6915704370 0.3424338338
0.4189754399 0.9641242618
0.2212266384 0.2759681145
0.6279595766 0.1814869785
0.2658407546 0.8887683776
0.5904467584 0.3281008869
0.9149315544 0.5001872026
0.2952946598 0.7290583695
0.5676849643 0.4988965714
0.6014798618 0.6517247433
0.5989301753 0.4222157978
0.3084940250 0.1790607839
0.4468054431 0.4892533062
0.1866733488 0.6536450969
0.0041967924 0.8168633072
0.5568554613 0.1098725466
0.1865204806 0.8204221872
0.9745215767 0.7372749436
0.3765246463 0.3910090542
0.8023386676 0.6144690425
0.9222220307 0.8666185687
0.4008082787 0.6479578641
0.4409231702 0.7928295379
0.6763828746 0.5435332341
0.1146863229 0.0954314984
