0.2221652222 0.6253158848
0.8873166987 0.1047423530
0.8579653360 0.2325891820
0.1606501988 0.9725334344
0.1387497271 0.2842914819
0.8574273371 0.5027691827
0.6892721519 0.6491143686
0.1652434699 0.8562391922
0.0137931172 0.3343268491
0.3039910353 0.3372434938
0.6709593192 0.9116235454
0.9307111577 0.8309718721
0.2978992224 0.0431923100
0.9886355823 0.4931506285
0.0777761004 0.8114534435
0.1904851696 0.7121579337
0.0132419970 0.6637821278
0.3043086055 0.8166453808
0.8773050136 0.0512324794
0.5094755794 0.1086831265
0.2608685650 0.9187999269
0.5153788248 0.8964854140
0.3612952301 0.8225919417
0.1593287339 0.2150101079
0.5117928612 0.5319146442
0.7190656118 0.7785243989
0.0587632114 0.4457086882
0.7810100388 0.9318347748
0.3458024088 0.4357592539
0.5749934428 0.5164557225
0.6146535994 0.8221528868
0.5682819580 0.1989195306
0.1825708538 0.7439364114
0.6020842723 0.8982792788
0.9518522519 0.4333111844
0.1503184105 0.1088854412
0.7616089603 0.8216994329
0.9547461063 0.9302947101
0.6854252184 0.9694114886
0.4040111351 0.4255570558
0.9475625725 0.2385166370
0.4467061573 0.0080380359
0.2124099474 0.2287183457
0.7823226667 0.4920777057
0.4609765929 0.6415357768
0.8397360708 0.7737393411
0.9204499777 0.7910646555
0.2032626500 0.9199071143
0.2685172291 0.7713295430
0.5628626300 0.2753823100
0.1255459409 0.1606721210
0.7925045359 0.0847179106
0.2058188218 0.0544176657
0.9704137955 0.1362836365
0.9562449977 0.9828063159
0.1671467028 0.0490260200
0.8435246994 0.9923876844
0.8190101637 0.3096916869
0.5057763190 0.4415081699
0.1091549867 0.9153533007
0.8665423005 0.4118122824
0.4345205463 0.0902686130
0.8147304084 0.0243032054
0.2572468627 0.2726267038
0.3126088393 0.7642605844
0.5296913115 0.5753277906
0.5259797861 0.2106894758
0.3850761512 0.9735620555
0.0450963356 0.2355486127
0.4329606246 0.6952495598
0.3813286978 0.6811958530
0.0827943843 0.3447444646
0.0038332009 0.8924542891
0.1271628318 0.6452719246
0.6656048939 0.8201346231
0.7739826695 0.1989521905
0.1645108699 0.4460079038
0.5609813076 0.0725878510
0.4794602430 0.2827499253
0.6724952618 0.4289893026
0.3344234055 0.6818302096
0.0470166114 0.5499761420
0.0634264750 0.2278471475
0.0567091026 0.9936333185
0.0699103656 0.1508414573
0.7383023752 0.2981103044
0.5330885197 0.6461201459
0.2720633998 0.7063596856
0.8927002197 0.9686226310
0.0085897859 0.9072629178
0.8490076785 0.6971193044
0.9855060194 0.0663494419
0.5500441550 0.4478663292
0.0355272123 0.5626864788
0.8356055722 0.6051455096
0.7897302170 0.3486259824
0.3431562747 0.6019901920
0.6839418492 0.5584510473
0.8319352564 0.4510704808
0.6332573359 0.0923084198
0.5906069424 0.0087170377
0.8430612256 0.8214472312
0.0284073066 0.1198774135
0.3333900417 0.9544393829
0.7651708362 0.7434297214
0.7564370014 0.1653357683
0.6024426805 0.5769587184
0.2657569976 0.6443695593
0.4916480768 0.3944846816
0.8026466682 0.8785112858
0.5240593940 0.7026514709
0.4478830700 0.8509004812
0.6881656937 0.1222381475
0.2174590321 0.3759290193
0.8618130523 0.8969364620
0.4653556540 0.1948298501
0.6216965105 0.6505069757
0.5114449880 0.0171398607
0.0747220540 0.7130346360
0.1932131325 0.4730911844
0.9387190280 0.3070870734
0.9778219157 0.6476473777
0.5598700668 0.3628750479
0.3735434650 0.1574889462
0.4721697463 0.8478616684
0.7056954373 0.4681472621
0.9672942989 0.2624480326
0.3442354239 0.1106479677
0.4279461015 0.5861402880
0.0616025746 0.8238017422
0.5446815618 0.8167370668
0.6341307646 0.2183392965
0.3750854663 0.5150803517
0.7347653470 0.0248314026
0.9254140488 0.6035153111
0.6389714294 0.5402104114
0.6905311577 0.2487875742
0.9058154704 0.1144367716
0.5267619578 0.9471475428
0.7553440221 0.3971400255
0.1287855682 0.3878950221
0.3958095130 0.3505293790
0.9118548147 0.6921815618
0.4032947354 0.0421634968
0.7678371821 0.5910952435
0.9239616020 0.3648145538
0.9326753984 0.7204261400
0.2954883020 0.5153696242
0.1630613371 0.6069510415
0.8720650603 0.5358019726
0.6026199974 0.3684588356
0.6882324499 0.1725266968
0.6775718764 0.3403513790
0.1236089173 0.7853224579
0.2398736426 0.9756871142
0.6014620042 0.9117018554
0.4325296425 0.2295016866
0.1354797447 0.3184361950
0.0144582820 0.8148139796
0.2622707719 0.4310207026
0.3523180016 0.2741873993
0.1073182573 0.5777817245
0.2395026227 0.5208085655
0.4286698402 0.9222235418
0.4492613605 0.5271511511
0.6491427166 0.4362281502
0.2692425180 0.1682069357
0.8180557281 0.6521374351
0.3320439759 0.8982670758
0.9309772803 0.5548496076
0.6180658429 0.7578312656
0.2412424957 0.8622995547
0.4337995557 0.7953656701
0.5698007354 0.1425115664
0.2261749591 0.3093629262
0.0599311452 0.9771275988
0.8908763074 0.3483749121
0.2667392721 0.1182763450
0.9036749943 0.1810152852
0.0741451282 0.0618416955
0.7864080827 0.2273250737
0.7561064825 0.6758133526
0.0248178643 0.7308703776
0.2277786106 0.1253272248
0.3016783638 0.5767624383
0.0147204284 0.4183605199
0.3112230342 0.4399749503
0.7415747096 0.9409887242
0.6544367584 0.0304334763
0.4245710549 0.1340517662
0.4965750265 0.7488085419
0.7489430694 0.5308651384
0.1809546143 0.5518333781
0.6393820903 0.3217829475
0.6851716577 0.6937471972
0.3158922962 0.2189424374
0.3855137904 0.2940285787
0.5747657154 0.7338131145
0.0849867743 0.4871338302
0.4453722988 0.3350280717
