0.5561320312 0.4661960812
0.3902176456 0.4580365223
0.4173928272 0.6927127904
0.0300950669 0.2737761185
0.5110469344 0.8604428937
0.1925419861 0.2492896631
0.2277898643 0.0652521848
0.5387503580 0.2492811490
0.2972187844 0.0880205718
0.9663968505 0.1702669519
0.5947994141 0.4174437362
0.5122213595 0.2018611558
0.6726987644 0.1040746470
0.7932913360 0.2745823968
0.1288488328 0.4908427710
0.6949684762 0.1885476200
0.7838671883 0.2368216658
0.8162959351 0.4503548144
0.8508760625 0.1587157966
0.2702096444 0.5527767935
0.8002458776 0.9918426623
0.9690722887 0.5338174534
0.8435224810 0.6143815304
0.3669039893 0.9286559857
0.0716549172 0.5460482906
0.0318882028 0.3450214774
0.0318318572 0.7638164962
0.6283617553 0.4969837060
0.9554142984 0.9022119293
0.8034168154 0.8736229617
0.7778283737 0.6720088576
0.3891073341 0.3747964972
0.3270498663 0.0285076319
0.9455777610 0.7313825926
0.5442182930 0.7368723558
0.9947221410 0.9680632038
0.9490425358 0.0552402498
0.9412407937 0.6162726353
0.3741964882 0.2534441382
0.1223162927 0.7973338725
0.4417510258 0.3130991103
0.1454638646 0.0757255934
0.1971600207 0.0260796774
0.5766901807 0.5714083193
0.1167991978 0.2872265947
0.1866014278 0.1834806955
0.1463259212 0.6319301218
0.4603924555 0.9437030343
0.2038559364 0.4395040542
0.4094246262 0.9002342938
0.7472866225 0.9928303028
0.4131298535 0.4830403610
0.7753916112 0.1599570725
0.4425941687 0.3984414385
0.6005260455 0.6988149737
0.6446624685 0.7658499208
0.3289676477 0.6238320775
0.0761149880 0.0570855000
0.6717547975 0.4085482153
0.5161995089 0.9294018774
0.0936737147 0.6517322164
0.1138744487 0.3753098426
0.2093702719 0.7079643460
0.2233999296 0.5596584649
0.0618663429 0.6206996537
0.8148046737 0.8206997416
0.1111086310 0.1767029665
0.6154398000 0.0706273007
0.6289885597 0.1806325445
0.6762605586 0.7987510248
0.9925411715 0.4191911334
0.2629430324 0.1787688661
0.4910247668 0.4702450295
0.6321940680 0.2870154919
0.9757438354 0.6611814303
0.9614806028 0.4048552613
0.5293147841 0.0072069329
0.2874533012 0.2264850117
0.4573673692 0.8141076335
0.3597544057 0.5529429850
0.8969496806 0.5948307828
0.1183427345 0.9508923078
0.5774752065 0.9513152629
0.2585715897 0.6184956955
0.7337625781 0.3808386659
0.4495947779 0.1811500284
0.2016650109 0.9357466573
0.0300914254 0.2239416483
0.4901339030 0.6153702977
0.4644761897 0.5677795517
0.7562913732 0.7897496865
0.6525369222 0.5262664833
0.8491318856 0.9552184051
0.6654319296 0.8255546593
0.7870117480 0.9151664239
0.1982195225 0.3787534570
0.7574443188 0.6149821271
0.4012481034 0.5918052656
0.3034864398 0.8225212223
0.5732531093 0.0993948674
0.1166798776 0.7126605320
0.3585777047 0.8034154580
0.3564079011 0.0339725803
0.5026008538 0.5296009422
0.1757666547 0.8132141433
0.0057065660 0.6860130403
0.8672339512 0.0572914407
0.7616976340 0.4901252289
0.9339735519 0.0028996561
0.1993624270 0.9190875461
0.0623169475 0.8647217511
0.7086719506 0.1128667417
0.8826480966 0.2720783088
0.9239208167 0.5163587389
0.0701810601 0.0099605566
0.5501258978 0.7890780522
0.2884099300 0.3093516688
0.4604624749 0.7416232917
0.9255916202 0.8195196176
0.3714635355 0.3149496669
0.1022534887 0.3124198951
0.4771193402 0.3312282945
0.3188077013 0.5056352736
0.2747007661 0.4479811218
0.6964882783 0.6915199928
0.8265797418 0.5381353350
0.4041845227 0.1705098417
0.5857875845 0.1817642681
0.0045199841 0.8776549125
0.3230566143 0.7392265309
0.5154697780 0.3851368616
0.8821177007 0.8646317475
0.2037720289 0.4886583120
0.2957609969 0.7380981456
0.3129557779 0.4183796937
0.1827125357 0.3399415564
0.6178671401 0.6349076517
0.2036942871 0.1596202593
0.0346966931 0.0065542068
0.7305102824 0.4593886822
0.9177414276 0.4288327176
0.3969946122 0.0927478490
0.7075239478 0.8738078610
0.2673899197 0.6785906132
0.3021113565 0.9852161428
0.9361018052 0.1129718272
0.8607978826 0.3913015565
0.2095068665 0.7794757747
0.8670022018 0.4605662586
0.3486221153 0.6641134764
0.7802321672 0.3834479410
0.7915950193 0.0794107081
0.6218669478 0.9954159009
0.9508358703 0.2664604307
0.3231610853 0.1324734487
0.8481199391 0.6826657195
0.9968242469 0.5432319861
0.0926451752 0.9039785977
0.1672814221 0.8649510118
0.2770890960 0.3672731131
0.2699665611 0.8886757474
0.9085749408 0.9432527171
0.7528150432 0.7431529420
0.6553621494 0.6342559709
0.4640708357 0.1147276048
0.5525243444 0.3636166448
0.4233613812 0.8605524883
0.7399445934 0.2916841078
0.0471515948 0.4392416767
0.0892632532 0.1735980206
0.0736089818 0.7782359521
0.0512469149 0.1306447616
0.6966704375 0.2712867852
0.4898544474 0.6748317305
0.9107847355 0.2102728983
0.1596309886 0.5717549774
0.4397974288 0.9838703729
0.6100212702 0.2975922543
0.8579972457 0.7729464133
0.6983619670 0.9374470851
0.9687652232 0.7976111023
0.2389423723 0.9818793451
0.6309728572 0.3805044193
0.2074217463 0.2705444998
0.8523340787 0.2929408258
0.5435826264 0.6379082754
0.6847642446 0.0220131191
0.7241813490 0.5402198332
0.6059950805 0.8598339706
0.6140491401 0.9349452052
0.9255768541 0.3424501345
0.8803916971 0.7157172083
0.7352762442 0.5955075715
0.7798607797 0.0980533305
0.5346250504 0.0618512721
0.4186297837 0.7617396506
0.5081138346 0.1267945761
0.0478673443 0.4943580321
0.9130772109 0.1208088997
0.3461203888 0.1869703572
