0.6102198000 0.8518483964
0.9982805360 0.1988312537
0.9446117487 0.8345354623
0.5944455366 0.7863609343
0.5544582516 0.3612865899
0.5499343638 0.1194796229
0.3728266906 0.4995360889
0.4462267039 0.5581258713
0.1481782061 0.8415009669
0.8405284292 0.9731478984
0.0641246645 0.2710838940
0.8543812400 0.4424317235
0.0184520751 0.9999328086
0.4555048698 0.2875748155
0.2690562105 0.1215282184
0.3624651432 0.6519228939
0.5844016862 0.4161482155
0.7686489836 0.6266605970
0.4871763413 0.8184742830
0.9587480651 0.7992541789
0.6768285777 0.6243445403
0.8895998374 0.0598828492
0.4478894131 0.9278658988
0.4486866305 0.3610752703
0.9699056199 0.6089952220
0.6303337336 0.7292138775
0.8949198041 0.3507541930
0.4789338295 0.5331638524
0.2328989157 0.3050380759
0.2064450762 0.7826645192
0.7541071610 0.1582499545
0.4487564741 0.2334230261
0.4087352999 0.6442829352
0.7739025846 0.7527985107
0.8111041929 0.4875491236
0.7128173003 0.5479130436
0.3328930446 0.1416310204
0.9342371557 0.0112052816
0.7206762637 0.2339980207
0.0220851423 0.3341423099
0.3334738084 0.0310404146
0.4636197748 0.6874112639
0.7758207717 0.0663461496
0.8575260760 0.8084153764
0.4982192075 0.1990426161
0.6389400953 0.1239054971
0.0837407411 0.1395176978
0.0466024862 0.7260444627
0.7538541771 0.7920651699
0.5436632418 0.9194505200
0.3301041372 0.8477406192
0.6062593125 0.2684600769
0.8245584739 0.0394020073
0.6283292329 0.6464344936
0.5745838511 0.5250404196
0.3741200839 0.7958573970
0.1575114771 0.0665974839
0.0908254606 0.8031415328
0.2752028487 0.8902580946
0.9721506121 0.6810038107
0.1516051968 0.6570519543
0.7154744740 0.2447873454
0.7876232158 0.4323971373
0.2671194240 0.7749981299
0.7792854257 0.9338507629
0.8547259378 0.5533699092
0.9883119481 0.4929295536
0.5373336608 0.0461555359
0.5739254008 0.6621602441
0.2382000623 0.4961890548
0.9373010465 0.3289355101
0.8831154530 0.6763211410
0.0545861934 0.4092209942
0.5629778007 0.7204452016
0.3725354929 0.1801735071
0.7472802008 0.2804032987
0.6033348337 0.1456126820
0.7193475550 0.3993567484
0.7260452305 0.9079456682
0.9876328183 0.3173472828
0.0866825127 0.4115498472
0.5096225741 0.4156829740
0.3852489684 0.3119290427
0.6333704953 0.4806989373
0.0574754723 0.0437948598
0.2207366935 0.1785551421
0.1224880502 0.2648691618
0.6677009343 0.9781814422
0.2613465710 0.0380711215
0.2540038840 0.5925981212
0.5260137311 0.6093234674
0.8682346273 0.6156999781
0.0227445539 0.9330927462
0.5201065834 0.8302369193
0.0539615982 0.6465889274
0.1791889382 0.9647899792
0.6605974131 0.8960030512
0.9225394147 0.1461084454
0.3531345739 0.2729789174
0.6097453525 0.9083757002
0.2900166439 0.5677483071
0.2802975193 0.3837463639
0.2421598198 0.0030387126
0.8437403667 0.2692972250
0.9330797994 0.6089681441
0.6436241989 0.4410329092
0.2836638016 0.4957246892
0.7104110959 0.0720322118
0.7403894435 0.9906505285
0.6779064545 0.7941071783
0.4782413797 0.4510387698
0.5306629647 0.7490043870
0.7932887081 0.5241420417
0.2061582498 0.6891485491
0.1593868562 0.1569393613
0.0554288756 0.9144786353
0.4417218973 0.0431817106
0.2898354040 0.2231523298
0.3903014469 0.7026002250
0.2251544185 0.0863156821
0.2428199790 0.9160413766
0.9555398195 0.7509284586
0.4086728764 0.5835698071
0.7155610211 0.8598355743
0.3661265887 0.8980298476
0.0869855794 0.9113586563
0.9426516200 0.5410551361
0.1868361463 0.3288526702
0.9669271784 0.9013930031
0.7933326137 0.3516671523
0.1288551790 0.4922122233
0.5565721393 0.2265682841
0.3770764027 0.3787121965
0.9770321416 0.4439160951
0.9870881501 0.0873549413
0.2835190264 0.6634184015
0.6556203657 0.0277507954
0.7413103665 0.7130356609
0.2565362226 0.7090911502
0.3465416723 0.7550440464
0.3478893226 0.5524880993
0.9400010640 0.7123289069
0.5533602803 0.5384495058
0.4302157281 0.1334536922
0.8901839269 0.2345916628
0.7181775838 0.1289031348
0.3307512820 0.4299012776
0.1641368287 0.4446400197
0.1924117735 0.6037381640
0.2037449433 0.4076151187
0.6551246877 0.2082824823
0.5566430295 0.9768905190
0.0266097380 0.8015982392
0.1307304910 0.7436826018
0.0377610283 0.5650208315
0.8951134064 0.4496389646
0.4582853741 0.0595854093
0.5782818832 0.3244863456
0.0569405381 0.1965480657
0.2093044020 0.2327331743
0.4849106884 0.9661564220
0.7177271417 0.4729182483
0.7533129885 0.5818529829
0.3056065929 0.3348333671
0.8683052339 0.3390435838
0.7136369575 0.3316756157
0.6358902986 0.5609271691
0.3690977031 0.0806517743
0.1725833179 0.8539868712
0.7563082316 0.6779269004
0.3502651104 0.9704909854
0.1825218809 0.5235328765
0.0142841757 0.1085968429
0.8897133386 0.9141404931
0.8433515518 0.1753455903
0.1328532087 0.3253527108
0.4911250438 0.1383622390
0.6118726876 0.0423933850
0.9209034309 0.9781994948
0.7926295658 0.8766951285
0.0760931529 0.3514211173
0.9619746591 0.2437034814
0.1401647011 0.1670308907
0.0622446683 0.5516819168
0.5323165935 0.2853258796
0.8951427777 0.1249092311
0.1048456511 0.0357652051
0.1434269337 0.9746028501
0.1298679852 0.5616153334
0.8491966891 0.7266395679
0.4210010604 0.8456691552
0.4151363520 0.9663405921
0.8023357727 0.1804516349
0.3132360061 0.2515345192
0.8793430345 0.8568849819
0.1086991560 0.6556442734
0.2639269653 0.8321431946
0.4185132852 0.4601452733
0.6539321838 0.3749180769
0.4559060237 0.7553480928
