0.4965173563 0.7433710529
0.0585157879 0.8390921132
0.2165430550 0.1538679799
0.0513898705 0.5155771626
0.0354660080 0.9027311811
0.3371680675 0.8784021839
0.8157003238 0.1031886896
0.1554298727 0.4437785770
0.8384872232 0.5715944622
0.0947257917 0.4371837147
0.0251110881 0.6666999116
0.7672165902 0.1471073676
0.1215215943 0.5247683223
0.9915881340 0.0866513757
0.5494261170 0.0480468937
0.3169855080 0.4779710684
0.2795204988 0.1441401336
0.9306233676 0.1171152320
0.3594869642 0.6580569972
0.0813482941 0.3406700969
0.5832189059 0.8669155914
0.2146246449 0.8079795271
0.5193224258 0.1060324476
0.2660540614 0.2539350067
0.1924419709 0.3513717537
0.0269233590 0.4160821773
0.9565378369 0.9166509431
0.5223554472 0.3143308482
0.6498184162 0.8278812333
0.6956824068 0.9492271867
0.0388346717 0.1552951597
0.4703446360 0.5545890864
0.1386656405 0.1643851857
0.6671180207 0.2873408634
0.6005235586 0.1531803306
0.7722098399 0.9402330178
0.0303555762 0.7339013018
0.3245082382 0.3773427228
0.7055778058 0.0861640951
0.4894463084 0.9386033439
0.5528002604 0.3730318072
0.1452853362 0.7745478937
0.9510248505 0.0223829527
0.6295645795 0.3064125496
0.2991637094 0.9738825634
0.3411952113 0.8297568812
0.7775559472 0.7877003857
0.3848374826 0.9513451071
0.8330188908 0.2218118190
0.9584361572 0.7176053400
0.6381733326 0.7778577807
0.4588285226 0.7183548737
0.2815010731 0.0734468491
0.8004126977 0.0022569894
0.3355644035 0.1071004545
0.9854439936 0.3739260755
0.6948654272 0.1130888817
0.3387045661 0.0287698345
0.5239749708 0.4745518460
0.5635008857 0.5966023678
0.5636303014 0.5433775910
0.1517890550 0.8843737605
0.0591752869 0.0639105054
0.4565106392 0.4167240319
0.4879116070 0.8021070979
0.1067680658 0.4057898216
0.3329082836 0.6227993356
0.1074257031 0.8498131628
0.0896931579 0.6139761512
0.6923680032 0.2037112975
0.6247687748 0.2227512801
0.5450829197 0.4544043553
0.4917255534 0.4966617224
0.3765181208 0.1440800441
0.8832267194 0.9514568950
0.9340589186 0.4218454556
0.8899035425 0.2556794688
0.1667082904 0.6359113641
0.6829112677 0.4963045088
0.6944806066 0.4184521117
0.5350347178 0.8991152083
0.2026235201 0.9810646280
0.8726575581 0.1474681888
0.7823227234 0.5909514858
0.4260043128 0.0932671518
0.8476586563 0.8287830580
0.4815920717 0.0618950776
0.2685771524 0.3170277090
0.9474521819 0.8024763151
0.3957704032 0.2646498367
0.1352379842 0.9982935872
0.4041659998 0.4608448528
0.4509702968 0.9997774977
0.3513921069 0.4226432435
0.2675840526 0.3800928081
0.3944549665 0.7101838099
0.1148577298 0.2647481683
0.7225273305 0.7195000215
0.6409804866 0.5506281695
0.0642623115 0.9950513182
0.9762926280 0.6476350597
0.9035566616 0.0447756675
0.1548107230 0.1174136895
0.7457321059 0.4728225191
0.2190297206 0.4269430546
0.1130616711 0.7030652455
0.4547579018 0.6190640943
0.2458005915 0.5446175613
0.8256637310 0.4779275322
0.7184492239 0.6351176170
0.8696551499 0.0349485597
0.4313520349 0.8481743984
0.2826570211 0.6987682381
0.4534978014 0.3517884991
0.3913189455 0.7800195501
0.6510235016 0.7445175292
0.8657693762 0.6536490188
0.6392116241 0.6334129947
0.6421955583 0.4607908627
0.2292553847 0.2390139316
0.2717883474 0.0077499026
0.5769242247 0.9446273908
0.8986572100 0.5364004706
0.5414147100 0.6810460376
0.6400919956 0.3782070230
0.6529413303 0.9976850857
0.9724692484 0.3076630311
0.5359190266 0.8145679398
0.6415151194 0.1409711878
0.7087715065 0.5613149530
0.9075077757 0.1888149409
0.5000100875 0.1580248973
0.3252619836 0.7753523536
0.5495942386 0.9986922638
0.7813944953 0.4149229047
0.5228622265 0.2463636814
0.8545022841 0.9319998805
0.9233975173 0.8595937803
0.7540204620 0.1776881427
0.4373291824 0.1655858036
0.3477753420 0.5664549751
0.1031663202 0.9364929799
0.9171424008 0.3271704304
0.5655160682 0.3838628849
0.2290249071 0.8899002366
0.0868203682 0.7824907873
0.0079716130 0.4969854631
0.4514033751 0.9128905691
0.6848597005 0.9485428481
0.6549332439 0.6673101978
0.3223238468 0.9415555540
0.1441981821 0.2181363861
0.2119011277 0.5040328271
0.7463881661 0.8331978162
0.4530267261 0.2885201540
0.9515067625 0.4426751367
0.7668563224 0.6686105965
0.8277063580 0.7021028869
0.2876153592 0.8519189939
0.9734190930 0.2438852900
0.9304864035 0.5190264303
0.7883673800 0.5112805867
0.0907438704 0.1087863924
0.8813303394 0.7414600091
0.9919797577 0.7901703250
0.6660889689 0.8770033093
0.3778140389 0.3493300779
0.8756670362 0.6254848899
0.2600100148 0.6535065327
0.1868967051 0.7070078848
0.4689490265 0.2277674612
0.8367207854 0.3002446430
0.3022929410 0.5024845715
0.3102739399 0.2864474871
0.3947702814 0.5442164119
0.1729855352 0.9133150095
0.7375145091 0.8676633129
0.7905929783 0.2471178184
0.2293356498 0.7446736885
0.3517489156 0.1966122830
0.1704486795 0.5704358293
0.2092980215 0.0542544390
0.4541305626 0.6453793187
0.2474182496 0.6039255875
0.7364812063 0.2666593199
0.0591881101 0.6074798309
0.0543411408 0.3137293359
0.0565286973 0.2272669816
0.5932419161 0.0671314472
0.8079745418 0.7694021426
0.8784165105 0.8661903688
0.0037903968 0.9883352925
0.9830433606 0.1622287100
0.9751454665 0.5854636483
0.8575750265 0.3962500684
0.5873978501 0.6910479320
0.1610361797 0.2869770442
0.7968730047 0.3587930780
0.7661003666 0.0500564546
0.6911311713 0.3473558304
