0.4254594163 0.7058151246
0.9044049553 0.4834200042
0.9258958289 0.8376316190
0.8245792261 0.2511835529
0.0702097384 0.4118000022
0.6902292946 0.7596468732
0.6425366561 0.5944746089
0.6090725802 0.2606072901
0.1106454091 0.0999189586
0.1466630804 0.5400959932
0.4493476978 0.3799443713
0.4342447174 0.5007320809
0.9023225236 0.6141635416
0.7784059612 0.3158214493
0.0703821803 0.5864937781
0.5097253321 0.8366040736
0.8630471716 0.7701717665
0.5212925400 0.2626126605
0.3940289436 0.7879071238
0.6555902428 0.7220215013
0.2956622495 0.3369398622
0.7885641887 0.0852730089
0.3081422284 0.4111682156
0.6009105643 0.8668688933
0.9392970729 0.0421871795
0.7603088854 0.5976976466
0.4555608809 0.1409637292
0.6300170463 0.2045318155
0.4689274185 0.1056441456
0.5760151059 0.5601065436
0.5867888847 0.7231941803
0.5702029773 0.4533538240
0.9505517621 0.9134329194
0.7582856198 0.0951564833
0.3489207328 0.3284756018
0.0574804999 0.9499929354
0.6445408156 0.1370923177
0.5463395952 0.3780850457
0.1910326982 0.1179325448
0.6309806093 0.3390779975
0.3158808936 0.0553719063
0.5474416185 0.9123300562
0.0617253535 0.6783569763
0.8918376338 0.8877170604
0.7432247830 0.7030913705
0.7271348006 0.5474421686
0.4438558496 0.9956479174
0.7001633340 0.3225965277
0.4701105894 0.7149351141
0.0235369225 0.2151659422
0.0409349654 0.9525921255
0.3702967492 0.2138083087
0.8178588322 0.4949537404
0.3391275871 0.1517337280
0.8310961746 0.8805454371
0.2290155191 0.3857374268
0.7134708341 0.2825863996
0.4635456755 0.2312640550
0.0975477605 0.0819530092
0.0278664248 0.2086630915
0.4331891543 0.8409014531
0.8841850405 0.6405926753
0.3476475807 0.9236266538
0.3113547745 0.6322380060
0.0321576030 0.1444772362
0.9054060255 0.1403120978
0.2546983950 0.5798355890
0.2433349488 0.9432694525
0.9344664624 0.0998862777
0.7369141899 0.8677486097
0.5583282227 0.2657930473
0.3826825678 0.4072974310
0.2315244639 0.1694637219
0.0735549828 0.0139101621
0.2957552795 0.4572026593
0.6368090215 0.0951530324
0.9160990515 0.3344869247
0.7216053561 0.4409011519
0.6261165030 0.9644878001
0.9745180597 0.6112700744
0.1049634398 0.2319024034
0.2820735549 0.9088650290
0.0177529072 0.0712121636
0.6088861937 0.5035648736
0.2339645111 0.8230502875
0.4582091231 0.6217619384
0.8689525849 0.0520960059
0.4742113168 0.3420536489
0.0068648336 0.7489969946
0.2591326440 0.3051768390
0.5491409053 0.1686743647
0.0200056350 0.6174946503
0.6535644338 0.9206288334
0.0685925545 0.7181721886
0.5764892275 0.6353937230
0.4514643572 0.0174379516
0.0230812669 0.2971979805
0.3809456044 0.0256236938
0.1629212750 0.5003947689
0.0812287638 0.3349279653
0.7012659384 0.2116002868
0.5746010863 0.8315237828
0.1479821408 0.8431373576
0.4149906912 0.9099711605
0.0938848305 0.5855414299
0.7429274937 0.8379529676
0.8123487525 0.0110456118
0.2322068363 0.4721716683
0.1402282361 0.0189885685
0.7146888318 0.3776528445
0.7052453876 0.0252273859
0.9316002621 0.1992187419
0.7683265788 0.9366667247
0.3567862697 0.5042608045
0.8003761783 0.3717140625
0.0622014027 0.8505210812
0.8759639243 0.2490083976
0.0030956519 0.8552513954
0.9953897531 0.4464569856
0.6391893655 0.5952985681
0.7865669364 0.6400048551
0.1955328596 0.7796956221
0.3048264173 0.6525119871
0.9615072141 0.9907924879
0.4662403660 0.5639526366
0.8554653638 0.1468424753
0.3042754155 0.2357173749
0.7223641470 0.9418696064
0.5366671199 0.9934317336
0.4597255414 0.4519129950
0.3476715815 0.9868539473
0.7721736938 0.4880042792
0.8117970761 0.7303474343
0.7458259181 0.7682499918
0.0603837037 0.5077973671
0.8308217507 0.8143597943
0.3851603410 0.4564975906
0.6476990778 0.4256183911
0.5729407070 0.0235796268
0.5179114518 0.7845620035
0.8938768485 0.5056739721
0.0083978924 0.3575395157
0.4131705389 0.6418019901
0.0146526262 0.7954863677
0.2676007611 0.0099086371
0.2357009449 0.5141451245
0.7942362969 0.1779960108
0.1921770400 0.2721555731
0.2335612870 0.6725561862
0.2140915650 0.0204085159
0.3069367056 0.8136626800
0.6739106430 0.8172515286
0.1370103405 0.7324079073
0.3872033074 0.1079180884
0.1639950354 0.3451782364
0.9129690774 0.2791903941
0.8928719110 0.9656474710
0.3021798297 0.8192674092
0.3772709974 0.6330484899
0.6938616142 0.4925989967
0.5766179107 0.7646379898
0.3455488146 0.5595140748
0.8832623134 0.5570422314
0.9233854840 0.4292739074
0.9698491854 0.5365007431
0.3279476493 0.7261870075
0.6912056470 0.5675972486
0.4808258144 0.9298615530
0.3688996809 0.8438267775
0.1172808688 0.4371529506
0.1128378808 0.9070759625
0.7620161494 0.2156097483
0.9691345162 0.3161645503
0.6542972711 0.0156338315
0.1365664329 0.2560969156
0.8221417394 0.4273460925
0.2218146571 0.2223184515
0.8349438634 0.6825719659
0.1561131605 0.6391903004
0.5266816762 0.6705638797
0.8083528163 0.9906638926
0.7020661864 0.1267762783
0.3849475302 0.2216784109
0.2372191325 0.0783793490
0.2927937509 0.1527863205
0.8811314644 0.3647570983
0.1333389297 0.1724567121
0.9422839979 0.6700496637
0.2438466479 0.7325757392
0.1155971129 0.7810175136
0.1702368342 0.9584424643
0.5634413224 0.0832640285
0.5212655250 0.1742736831
0.4155732702 0.2904159501
0.9305440780 0.7700277530
0.1724153439 0.8653649778
0.5163158504 0.5225611904
0.1454107075 0.4126156021
0.1957593460 0.5994083663
0.5703293133 0.4106769960
