0.5768765456 0.0294287687
0.3398843073 0.6173901548
0.3188727533 0.4669803045
0.3840240083 0.3173810936
0.4638754450 0.4624748348
0.9321615847 0.9063411023
0.9385493617 0.7470246321
0.2861137554 0.1726776181
0.8700249626 0.2020976893
0.5886958678 0.8661536470
0.2844118751 0.3988962037
0.5345413212 0.8029622904
0.8573998673 0.6681810831
0.0007581132 0.0161423333
0.9254693223 0.9806387095
0.4065236436 0.9280112830
0.6634938663 0.1003418128
0.6201669071 0.5646479248
0.5893434411 0.6098356452
0.0261699444 0.4809179460
0.0044244026 0.1643394685
0.1665986085 0.6125742385
0.6869505041 0.9328548653
0.4879425133 0.7596825218
0.8477326918 0.0376023780
0.1244657273 0.8620811105
0.3671510281 0.0228564032
0.7483694054 0.7473740548
0.2838002806 0.0376679704
0.2984899846 0.6704821370
0.4100044466 0.6807422254
0.5055330067 0.3679330715
0.3591233277 0.2359111562
0.6984142192 0.1524874484
0.2650937974 0.6579806033
0.5309897813 0.5171306727
0.3110420898 0.9523585802
0.3799532974 0.5545108510
0.1322584647 0.8004043291
0.4826001946 0.1354606337
0.9146350871 0.4368203139
0.4556711904 0.6076780839
0.3212344930 0.1021397034
0.0903547522 0.2137112079
0.0617484964 0.0718893322
0.0647200344 0.6649127411
0.8898770647 0.1088201991
0.2107544389 0.3103191408
0.8516054221 0.7931691713
0.8238681285 0.1583406851
0.7821446694 0.2521742683
0.0865559682 0.4866822012
0.4846200564 0.0341780489
0.9454266764 0.3620877158
0.7441500272 0.4025973064
0.4491479049 0.3112696471
0.4773514321 0.8570621856
0.6625856731 0.7070835947
0.8560408867 0.4437705162
0.6179888892 0.3445409312
0.6745565218 0.6170058082
0.9780713653 0.5349440317
0.7842893240 0.7031504304
0.2938256844 0.5194346111
0.6114564170 0.2687751395
0.0835836422 0.9126650738
0.4893613317 0.0822510100
0.2048306980 0.9844155888
0.9887097066 0.2038222572
0.5612084187 0.3174413808
0.2849983681 0.2357969500
0.6252392201 0.1750174652
0.8890661070 0.7050948343
0.7143326476 0.5614258361
0.3153697222 0.3536038710
0.8086278581 0.9373789026
0.9319936654 0.8345556832
0.4668777933 0.9090075216
0.1387043085 0.3995435083
0.8824799437 0.0154586201
0.1344401896 0.1500133246
0.9008322876 0.3121036906
0.6962332894 0.4449513043
0.2067824741 0.6395629804
0.2403587393 0.3388850346
0.8986474547 0.2356836014
0.1252936117 0.8012363151
0.5541665989 0.4098427858
0.4022869553 0.9781514475
0.6153555336 0.9303530176
0.5315246853 0.2077315288
0.3602900396 0.4142344505
0.4903234448 0.5274169694
0.7535528852 0.1944095444
0.9931028267 0.7713033954
0.0104637767 0.9229607853
0.0766410001 0.3348365799
0.6144624462 0.5171887580
0.9131858403 0.5787929454
0.2905543772 0.5548970109
0.4372582202 0.6011479641
0.2169313532 0.7604766580
0.2953083386 0.7507539726
0.1679487953 0.2727793047
0.9139948580 0.5243332755
0.3830686287 0.0682852288
0.4081918111 0.7903548028
0.7910220042 0.4563977797
0.2352901237 0.9327995904
0.1157526536 0.5919752782
0.9742012504 0.4014177575
0.1770006628 0.5318378328
0.1582023327 0.3498080210
0.5752016767 0.1585933269
0.3745894450 0.1885650553
0.6592809038 0.8030550334
0.8905962289 0.6080849447
0.0021023353 0.2819022677
0.7822533632 0.0957847285
0.5739011582 0.0844767423
0.5247542116 0.2700727600
0.4642333430 0.9728886504
0.2378702406 0.8660170524
0.7445240446 0.8609023737
0.6387710500 0.2197644310
0.7481811653 0.9719080010
0.5464351180 0.6709014094
0.6413226480 0.8092372745
0.7969177763 0.0069705631
0.0536281098 0.4381424778
0.9996089267 0.1089067438
0.0346556897 0.8212606108
0.1865688168 0.4684912007
0.0139556601 0.5770556681
0.0957951886 0.2913747483
0.4497946046 0.4541055549
0.6742384913 0.9956753984
0.4423953642 0.3745245068
0.4582446125 0.1539200694
0.2472401008 0.0311773998
0.3299696245 0.1325767320
0.6672496221 0.8796270072
0.0250599259 0.3804831765
0.6420828879 0.4396073755
0.7180694889 0.7018355196
0.7281169002 0.3166392596
0.3205357030 0.8007771964
0.2094878490 0.4326037412
0.2411907403 0.5357945078
0.6187754576 0.0083259031
0.0560126995 0.9629569301
0.3251681858 0.9067415866
0.5787684471 0.7340671837
0.3961002590 0.8599401966
0.5448491215 0.9433547327
0.7285821065 0.5244489515
0.8398406531 0.2752314121
0.3914728718 0.4940328841
0.4574314525 0.2622466471
0.7771241855 0.6543099268
0.1186947641 0.5192417461
0.3943146085 0.2399727139
0.1961274504 0.2172955425
0.0586373889 0.6189285260
0.6082815439 0.6993109645
0.1887897179 0.7451121791
0.9574939812 0.2408729850
0.8584266137 0.3627743909
0.8506625480 0.8888691738
0.6650081510 0.3342338125
0.1031386260 0.0103946083
0.8455503849 0.7917049167
0.3744147780 0.7259313132
0.7462399832 0.8127223518
0.9923751646 0.8496341915
0.1424947082 0.1011079303
0.8358641875 0.8734881913
0.7300767539 0.2592350321
0.0818835377 0.7293979806
0.7959695817 0.3615746775
0.9767985625 0.0375048858
0.9749506688 0.6481433885
0.6924732080 0.0576713650
0.9308345040 0.1196574969
0.9647883116 0.7084175528
0.4908911367 0.6882907611
0.1696001592 0.6944448818
0.4198527854 0.7706129595
0.2766926409 0.8245121334
0.5386966002 0.5906147297
0.1469808060 0.0134766204
0.1605108547 0.9077171222
0.8351465103 0.5112656751
0.7653036027 0.5823343846
0.8179242114 0.5874710900
0.7703690664 0.0996720905
0.0785739701 0.1711989493
0.2274198843 0.1649294498
0.2121915793 0.0920009661
0.6862710564 0.3666498275
