0.4350720670 0.4769516015
0.7999581300 0.1787637986
0.0101686364 0.1767533215
0.2717084723 0.7017668574
0.4425845969 0.3681243645
0.0296824974 0.7929370748
0.6512176107 0.7294954589
0.4953868890 0.9809216930
0.5675217489 0.3626634615
0.8416674186 0.7175550988
0.7304603902 0.1407038299
0.7445464189 0.7258487152
0.4663689808 0.6455158003
0.5491343623 0.7497871181
0.2616355750 0.4252484767
0.4338512104 0.5876440884
0.1214882468 0.7425906668
0.9383407849 0.8893959052
0.3950939691 0.1915538532
0.3444897620 0.7576176346
0.5971983425 0.3087242735
0.2810324015 0.6081945113
0.0528035762 0.1268257072
0.3692101999 0.0299567455
0.6791579832 0.4260589841
0.2310886326 0.1624740520
0.4780281746 0.8071253693
0.5228137136 0.1015641429
0.8308626048 0.4592787820
0.0935475161 0.0485039155
0.8487635712 0.8063249814
0.6441591406 0.5088530576
0.9418895193 0.1615498405
0.2151939959 0.3278155591
0.8030236093 0.2791205976
0.9119144042 0.5954673770
0.1270013070 0.2813688051
0.9724784107 0.3684753880
0.2078235721 0.0946881361
0.1204468672 0.5865709632
0.7576759455 0.6362532227
0.6024820115 0.5503272405
0.8060030430 0.1082666391
0.8576168396 0.2190457236
0.0402208000 0.4697393026
0.2842707226 0.9310403289
0.5812667439 0.9499309551
0.6308532457 0.6326848812
0.6551619013 0.6948200520
0.6891192749 0.0284606997
0.9801713930 0.8167503058
0.0193008968 0.4335036120
0.0819437999 0.9016984166
0.9238189045 0.4731074370
0.0980497911 0.3521628196
0.5602451457 0.8592947247
0.2650145245 0.9900499545
0.0452285645 0.7461174117
0.7379107279 0.3036469810
0.6544156445 0.3497606370
0.4929518896 0.7407653867
0.4569184869 0.8697448513
0.4384348397 0.9908305179
0.8426010057 0.2929052406
0.3147091730 0.0845761916
0.3506643035 0.2679036151
0.5151589944 0.4695323184
0.6821382927 0.9706710210
0.6520902298 0.8137015886
0.8824313660 0.5744043628
0.5630662932 0.8531499201
0.4373792702 0.9199860238
0.0733045413 0.2336373196
0.2875683152 0.0258161122
0.7490509308 0.2271792071
0.3765993085 0.5445585559
0.4652875228 0.3892735958
0.6860791820 0.6289914827
0.9135274908 0.1974315428
0.1978152150 0.5402424259
0.5218378356 0.4218174886
0.8463769576 0.0792369275
0.7931507989 0.5505371667
0.2290237765 0.1615085537
0.5112256397 0.0331087150
0.7047596694 0.4003690082
0.0563082815 0.8614078141
0.8800693435 0.1266639703
0.5020379511 0.3074028797
0.3579363221 0.6679157874
0.0138446251 0.3815257937
0.0310598158 0.9549676069
0.9100717841 0.7394305134
0.5818662082 0.1865441878
0.3319883628 0.8869365030
0.3803205699 0.8554230792
0.4959333248 0.1894448272
0.5677761279 0.0771937742
0.7377486443 0.8490984728
0.8352920059 0.3879998406
0.9160971855 0.9965908940
0.2018546776 0.2585860542
0.6620533669 0.2746297089
0.0001529002 0.0959937238
0.6207959127 0.0412188643
0.3260940104 0.5264468367
0.2493591583 0.8058937626
0.2795579378 0.8171739500
0.1149495996 0.9697201558
0.8026632961 0.8933372840
0.4445499841 0.7766020836
0.9911542855 0.6118339393
0.2224856461 0.4006721607
0.1032421319 0.4524664063
0.6084990008 0.7825714699
0.6458008668 0.1550939159
0.3239464465 0.1769858502
0.1330416207 0.2000097252
0.6704928404 0.4666979270
0.2103074844 0.5900461253
0.1608949890 0.4979984357
0.9829601042 0.9969259131
0.1772357925 0.7377502967
0.2977094924 0.4690920226
0.3958147280 0.5987097884
0.9992590397 0.5288081676
0.7592357278 0.9664344212
0.9311558546 0.8013578195
0.2913192578 0.2046830593
0.0637537557 0.6894346077
0.4045885034 0.3270607295
0.7059830114 0.7739467887
0.9119969029 0.9822788958
0.3975983775 0.7301052340
0.2001607108 0.0206070765
0.8858420107 0.3536517082
0.6418207309 0.9001903215
0.4373406063 0.2416204771
0.5288573865 0.5790910259
0.6691430882 0.9527964789
0.8305099855 0.0219895244
0.7026426981 0.8810224042
0.5218173402 0.9356060653
0.8532664178 0.6490088322
0.2441505345 0.6417470199
0.7973129562 0.8010293070
0.6122762808 0.2500732627
0.3466452749 0.3773737406
0.3797006875 0.1207177834
0.1346116699 0.8576323081
0.5576816567 0.6599757145
0.1509309754 0.3646075399
0.4613376697 0.6832151645
0.0589510181 0.0189636325
0.9736153593 0.6775557799
0.3371132710 0.2862912826
0.8870990853 0.3290184830
0.1388615212 0.6586393057
0.1649809901 0.4609342509
0.9625805606 0.2635060850
0.8423105577 0.5075029093
0.7232576187 0.3583615660
0.0355671946 0.2421957507
0.9403172152 0.5421410163
0.2470004436 0.2706852912
0.4845919386 0.2570168547
0.0427068410 0.3126033474
0.8286548761 0.6638431181
0.1467516660 0.8093427799
0.9377715246 0.3351084400
0.6649338181 0.2096918904
0.8480639508 0.9388046851
0.6784679679 0.1041060796
0.7747571595 0.0651203969
0.9581309375 0.0704491886
0.3531159929 0.9542096829
0.1574330771 0.0474547147
0.3103789365 0.7516713734
0.2963837502 0.5331655479
0.4231363575 0.0646621881
0.7423186925 0.5333515923
0.8792938743 0.8668883052
0.5982519357 0.4322977255
0.0631392089 0.6258422875
0.1351855401 0.1503486112
0.7869104101 0.6182432544
0.3786840907 0.4334744565
0.5313003896 0.5234270726
0.4942139664 0.5521239749
0.5499058718 0.1446928161
0.9522453513 0.6981049148
0.2126519588 0.9047766792
0.9624090785 0.9059769218
0.2310477832 0.8557279312
0.7532926348 0.4803315227
0.4539139810 0.1299555733
0.0557986579 0.5397196582
0.2851636463 0.3527035103
0.1637909586 0.9418160852
0.2009782650 0.6757080450
