0.3653038427 0.8394077196
0.0485258139 0.3788993223
0.4268799892 0.7848487707
0.2686227106 0.6952558684
0.9540760176 0.1070109483
0.9084333069 0.3793027743
0.2581670984 0.1686330859
0.6728911082 0.9022282348
0.4101681521 0.1896379991
0.0581652424 0.7248427784
0.0240061761 0.6359285089
0.6863453754 0.1012057915
0.0246946371 0.7770795667
0.8030238307 0.1123620057
0.7270726194 0.3408327396
0.6883477294 0.5614272847
0.7154219658 0.4941583143
0.6582463756 0.3847613790
0.4432557673 0.2570904717
0.6518486115 0.5466579980
0.8098162327 0.6617101822
0.3128361562 0.0259144811
0.5750586098 0.9747417569
0.3047921164 0.3659495249
0.3335744831 0.7283316256
0.1715887771 0.5817572852
0.1690282892 0.1314409268
0.3454483374 0.3271158251
0.1805996217 0.4504710552
0.4025052440 0.9289278573
0.5179032481 0.7181056076
0.4584699302 0.9930994853
0.0741457400 0.2913753068
0.2525879444 0.0998632009
0.9468045867 0.0480340348
0.3489955072 0.6578989579
0.6602561307 0.1366638693
0.1910261015 0.8919865872
0.4995222113 0.4752264376
0.2507779989 0.9024905259
0.0640088269 0.0757550467
0.3603228379 0.9152706086
0.9172909736 0.5454754729
0.2263208839 0.9930873609
0.4495194724 0.5634723305
0.8408374220 0.3993381773
0.1862072996 0.2602835538
0.1622312631 0.6591831008
0.7414791486 0.1459222778
0.3237161099 0.7646008985
0.1693972371 0.9823279891
0.1679547013 0.0442295223
0.0300115242 0.8681742573
0.1197629900 0.7818694803
0.3787029580 0.2109787933
0.0521507586 0.0017342309
0.5366525921 0.2257317091
0.1135043841 0.6508853631
0.5821831311 0.7289197725
0.8234065119 0.1843145750
0.7648996228 0.5535583502
0.4712292890 0.9057161948
0.4358785474 0.6828558207
0.8286721575 0.3501895719
0.8303999923 0.2964589549
0.1005668277 0.9613174053
0.1215400158 0.3521047880
0.9270939753 0.3062776615
0.0568560346 0.5448533384
0.8349621039 0.9279932137
0.0137390022 0.9518440343
0.7861893960 0.7952797063
0.0805955158 0.2271093884
0.1863091070 0.3865952824
0.9962465710 0.1568104686
0.3751415744 0.5113245073
0.0068462756 0.0259226489
0.2735697934 0.9258389599
0.5532722002 0.8059048812
0.2699161603 0.2436712987
0.9656829834 0.8478220557
0.9375107351 0.6344618576
0.7575882173 0.0814955044
0.8831217275 0.6361491083
0.4373031192 0.7190650899
0.5659122694 0.0588316214
0.4581171917 0.6146815913
0.3327678062 0.4044354276
0.2250444860 0.3476522194
0.7957459406 0.9191989798
0.6230752325 0.9163704122
0.8355933574 0.5114622194
0.0009488762 0.3982510327
0.8763926446 0.0787927502
0.0996895481 0.8498586324
0.3114343203 0.4757294522
0.4913631150 0.1966069709
0.0016689579 0.2720747555
0.1475039002 0.7706225087
0.5094083574 0.1249282843
0.9865731599 0.7404218899
0.5490280139 0.5593219736
0.2697896151 0.3163259555
0.4326734394 0.4046917874
0.5916285153 0.6565107868
0.5193658588 0.9166049873
0.7106590782 0.0156754949
0.5276869019 0.2886267012
0.8388385975 0.0180347076
0.6808415652 0.4198632643
0.2728068430 0.0221403181
0.9045161533 0.2084149382
0.7952338008 0.2178962756
0.7029605425 0.7474540600
0.9580190786 0.4477769746
0.1542648847 0.1127839562
0.3257568992 0.5514572404
0.3329623617 0.1170750394
0.7434928980 0.8346572512
0.0787690721 0.1160228829
0.9269421220 0.9146217819
0.5280132555 0.3897530080
0.3109760961 0.8476777469
0.1867221385 0.8575593129
0.6178692451 0.8143668604
0.6988835254 0.9480830206
0.9421847239 0.5571003587
0.0111897261 0.4862253806
0.1660502473 0.5353568039
0.6182113288 0.1985356730
0.7069753424 0.2206497964
0.2335719910 0.6345942388
0.4284051055 0.8092244719
0.6075753711 0.1955875617
0.4470492556 0.4285041779
0.0657824645 0.4397102101
0.4830163437 0.8083317067
0.5413537212 0.1236348149
0.4351553504 0.1046992342
0.3844222397 0.0629829613
0.5465737975 0.9102501711
0.5136287845 0.0270666895
0.0876706753 0.5561311705
0.9880678959 0.5461008341
0.2475474836 0.5664526625
0.8708220865 0.8800422785
0.7658616192 0.2863591223
0.9976123999 0.2112398655
0.1276744050 0.2756139935
0.3144243009 0.6081891649
0.3961776493 0.0639763023
0.9065726728 0.2617632083
0.7158088975 0.6614892821
0.5000945861 0.5124250505
0.9101504737 0.8427091884
0.2897195899 0.4691884307
0.8429416663 0.8018044256
0.9028741910 0.7721203337
0.6733991680 0.8200741337
0.0985051537 0.8768801751
0.5597148988 0.3064035744
0.7024182280 0.3263122513
0.6521467787 0.0309116221
0.8784049828 0.9809915283
0.6024925198 0.7446345861
0.5955861129 0.4113518047
0.9823696461 0.6654132976
0.6993520545 0.2411340725
0.5904755410 0.4671479097
0.6274902809 0.3051972930
0.2208014027 0.4521946132
0.0811617761 0.1634581633
0.5979981657 0.4796383439
0.8976442823 0.7188079055
0.3632566998 0.2601167247
0.1641444406 0.1966110311
0.1308984093 0.4782705607
0.8002405228 0.6395310546
0.2483105160 0.7762289311
0.6235404664 0.0151281133
0.3845667509 0.9909762091
0.8167913098 0.7335259116
0.7748641702 0.5893989180
0.4670485005 0.3149150873
0.3151107214 0.1935880461
0.5214634130 0.6478188006
0.9023838695 0.4580440953
0.2240484830 0.7500691348
0.7458387746 0.4496978101
0.9506158871 0.9861748715
0.6516905533 0.6522254831
0.4131242064 0.4037120554
0.5997761165 0.5897608846
0.3995211271 0.5938357827
0.8358530801 0.4671966356
0.9057973937 0.1358562961
0.7475467413 0.7184136415
0.7670945577 0.9632478867
0.9921486236 0.3267894979
0.1588266514 0.7104110226
