0.8938349209 0.6548430296
0.3349653869 0.9736862267
0.6297158378 0.3464860071
0.4586914401 0.6055552030
0.9775893847 0.4264377136
0.1361856263 0.8893893157
0.6661729865 0.4636839699
0.2863484359 0.0347819043
0.6890736715 0.0752584953
0.7094198631 0.6623745873
0.4542958680 0.3229815779
0.7255100081 0.1574578783
0.1895147068 0.7563830406
0.1359065714 0.6179309818
0.8939262322 0.3742836587
0.4706264250 0.6843871876
0.5153405320 0.9001909262
0.1004219869 0.7379480929
0.8768628221 0.5788200419
0.0526689749 0.2368959562
0.3380764544 0.1520627662
0.0847396660 0.9710895241
0.7705895930 0.2748800512
0.1759117630 0.2147846649
0.5603999306 0.8532920627
0.4377423882 0.8533718547
0.9295698295 0.8100004132
0.5503299908 0.3767618261
0.6581921073 0.9056220087
0.4406217861 0.5187654195
0.3464448365 0.3668143434
0.2364149157 0.6328753778
0.7753499178 0.5173091566
0.3480350603 0.5849876209
0.3652645005 0.6763048790
0.5561968378 0.6679426334
0.1183892132 0.4482350370
0.0266528388 0.4616095875
0.6150234797 0.8394681169
0.6182556529 0.7403162171
0.8764141328 0.2845834119
0.9075311709 0.1880804682
0.9542241691 0.2710746099
0.2798981992 0.7378046083
0.1897607296 0.3118400178
0.5660294235 0.1446224278
0.4760229301 0.1123723157
0.9121469053 0.4983191508
0.0373065217 0.6558027454
0.3372490443 0.4602006458
0.8872022196 0.9357462469
0.5303667424 0.0251164221
0.7343621450 0.8556362373
0.4465477689 0.9298325274
0.0315874355 0.1013584277
0.6030703707 0.4665704174
0.8858738699 0.1135498478
0.1590873798 0.1274309687
0.1471952717 0.0177599349
0.2501381608 0.5786644838
0.6711362298 0.6561539790
0.8308844182 0.9011056459
0.3798420539 0.7648928583
0.1359948055 0.2809881858
0.4382052821 0.1977512376
0.1544001579 0.5425912137
0.2508200058 0.8995873494
0.9305582249 0.4389426457
0.7788735506 0.9733000919
0.9436800521 0.5320165624
0.2026160713 0.9482407732
0.7272882433 0.4471043098
0.8770810929 0.8299533497
0.3284055131 0.9570194611
0.4141564897 0.6239870203
0.1650502141 0.7531174346
0.0763270337 0.3009521233
0.5277223678 0.9574156609
0.1445439562 0.3831601176
0.4128356153 0.9516343166
0.2523497886 0.1196904256
0.5128461031 0.7846568895
0.2588224575 0.2913912730
0.0263785972 0.9078046755
0.2132609900 0.4296649015
0.7673108372 0.3901162981
0.2431510136 0.3711688372
0.5993319266 0.2291569843
0.3731581707 0.2881106890
0.3164730847 0.7004082835
0.9916785281 0.0148127245
0.3967008034 0.0536878380
0.5437325277 0.5239888718
0.9490998152 0.6275248786
0.8057951871 0.8036142201
0.1063979013 0.1905166848
0.2628389382 0.2358442556
0.8670295661 0.3754999027
0.7953209476 0.2162193869
0.2380615929 0.1928375935
0.2238819163 0.9922832637
0.7879022928 0.1318785678
0.4516971423 0.4733554386
0.5271218129 0.3111793586
0.7837355231 0.6450802240
0.6516888154 0.5707715432
0.5140143671 0.4273134459
0.6236645793 0.1535632641
0.4565838386 0.5586075392
0.0196014080 0.1652777783
0.4806709047 0.1767216475
0.0851010070 0.6472438633
0.5871694421 0.0539971782
0.0156950617 0.7336643179
0.9813634455 0.5819611125
0.9680520257 0.1768141622
0.0164307032 0.3016911261
0.5696512695 0.2229055348
0.8108994730 0.7709049262
0.2923207852 0.4282169222
0.8076129959 0.3194014861
0.1710849756 0.6689613604
0.6899399279 0.9874369253
0.2733554207 0.6392699877
0.3866307941 0.8340423457
0.3315030352 0.2194903924
0.5676419241 0.7141269988
0.6829876746 0.2624960261
0.5671658593 0.6106727732
0.0990579585 0.8437099397
0.0258327338 0.8202207689
0.3759775701 0.0408962201
0.6707123403 0.7901168660
0.0710466837 0.4947856591
0.6832913136 0.1950324728
0.5853721959 0.5694915940
0.8420472405 0.4830046556
0.6662341193 0.4017694408
0.9296229978 0.1066247621
0.4182191311 0.1399739452
0.7242450266 0.2610337474
0.9226963564 0.7472419311
0.5993260453 0.9562296725
0.7460708945 0.8500108482
0.0402507360 0.5707463858
0.4528415903 0.2602188717
0.2117752478 0.8883668907
0.0690875797 0.1139839728
0.4352528246 0.3434838526
0.7931673528 0.9284858816
0.4328158828 0.7429897224
0.8482737148 0.7396321012
0.6647877044 0.1161896929
0.2383825984 0.5424411952
0.9552031788 0.9915524605
0.0589983381 0.7762275923
0.4735602993 0.0866915359
0.7577662717 0.0658776382
0.4843670027 0.7093106600
0.1469073116 0.1775442917
0.1184591022 0.9127755603
0.9673037627 0.7050478965
0.5657752189 0.7822933956
0.8495844372 0.0102592155
0.5161331162 0.4468875747
0.8577414830 0.2098060480
0.6699257447 0.5292860874
0.7557924858 0.7313365725
0.7807369199 0.5131523835
0.7208175359 0.0168756290
0.8159318299 0.5803818992
0.8335917900 0.6713889640
0.3009775786 0.0738478936
0.3382533866 0.8941292376
0.7210867697 0.5835514912
0.3257698546 0.4628494384
0.7976650182 0.3787978744
0.2778642172 0.7499002272
0.2046330361 0.0811875944
0.0629703223 0.4037336703
0.6718282335 0.3383316993
0.6490838673 0.9932989746
0.3080978963 0.8562352429
0.0040760654 0.0487739272
0.0408130206 0.3629560433
0.4856158254 0.0129343485
0.3571807246 0.5260933221
0.0964827670 0.5389000261
0.8539909154 0.0737636848
0.2212261104 0.4864163193
0.9467163527 0.8533872961
0.4141053555 0.4055164422
0.0972405219 0.0472004950
0.3190146376 0.3303478219
0.9147979816 0.9775411890
0.5605014594 0.3054265626
0.6623694897 0.7312280549
0.9944217144 0.9279756958
0.2328622284 0.8088606115
0.9529463365 0.3370224199
