0.3004108504 0.0642682861
0.9490926003 0.3545913245
0.6302920234 0.6201700682
0.0785252292 0.6625772940
0.5169564481 0.5028045253
0.1043298610 0.5916764611
0.0202943232 0.0033227951
0.1501970431 0.4725024662
0.8368869944 0.4135937885
0.4900161949 0.6134720609
0.5655217591 0.3334871824
0.4859657103 0.8427855377
0.2982062994 0.3696837430
0.5808252795 0.2333996255
0.6141200090 0.9033158962
0.6933870864 0.9678192682
0.8919122859 0.8278198453
0.4319044022 0.4971009076
0.4244921964 0.5692679328
0.3609809206 0.6942998036
0.8900079380 0.1543544492
0.5989130060 0.0091393473
0.9019862436 0.6742874734
0.7046285127 0.0608846159
0.5807084141 0.1403877178
0.5632918470 0.6019890543
0.5440511236 0.7314639076
0.7197200087 0.1345558722
0.7663799913 0.8989034826
0.8578490682 0.8205509656
0.2210537259 0.3769528824
0.3129279256 0.9671934498
0.6015545805 0.3356257858
0.5548332196 0.1057661361
0.6843986528 0.4823777741
0.6302521053 0.0945189485
0.4070653713 0.7769800069
0.7515658033 0.9731782559
0.9814698136 0.2940222387
0.5720310574 0.4135877767
0.1885977026 0.3117800792
0.4196056454 0.9431187316
0.4405570783 0.0883528858
0.8794524525 0.2368512706
0.5206121944 0.1815589980
0.5533145026 0.6676272627
0.8180592128 0.9322438189
0.1995561468 0.5555092187
0.8755810043 0.9193969949
0.0782596221 0.3853974864
0.6562801633 0.8464386326
0.8760693930 0.0770032649
0.3555897935 0.5935229550
0.7374416174 0.3202263247
0.4541362806 0.3705685998
0.0108918110 0.3695238901
0.7083874041 0.9046703743
0.7933792148 0.3892286527
0.7517256070 0.7465448722
0.2282540728 0.0060838078
0.8231995505 0.3147012565
0.8998640528 0.9699333551
0.4710750108 0.7800310962
0.8367083087 0.1697396967
0.7680730468 0.5498719941
0.1645703859 0.5293979835
0.7189593584 0.3965783258
0.8633762658 0.3498032715
0.7326522222 0.2271730418
0.7755939125 0.8482255993
0.1407761599 0.2329065164
0.3853960602 0.1645976827
0.6596954940 0.7657834760
0.3257570590 0.4136691936
0.2550676263 0.6987325229
0.2408194022 0.6402613397
0.9461147565 0.7888773616
0.2435439071 0.7913224082
0.0406951188 0.8547754838
0.2077327876 0.6182145760
0.5612440818 0.8204591529
0.9234369003 0.8956124132
0.7493669660 0.4990521866
0.3879307454 0.0619157586
0.1577348895 0.8649250683
0.8752934836 0.5050473080
0.7501679091 0.1932384706
0.4441374382 0.3096796123
0.9274258205 0.2355541473
0.6800976866 0.3952517366
0.7952516262 0.6196295495
0.1161385327 0.9027083269
0.2633232036 0.9201010258
0.6432659522 0.3580358566
0.9397951454 0.1402208521
0.0147760596 0.5968418831
0.1220307100 0.9866432899
0.9604116861 0.6711238427
0.2538049221 0.2977343818
0.2848852180 0.5528815858
0.9338461940 0.4891153366
0.5302851859 0.9065790119
0.3224788959 0.7674922911
0.5394607877 0.9783239046
0.7703724437 0.2843414088
0.7392372349 0.6865664509
0.9991645162 0.6081285491
0.0880086000 0.8326853512
0.7885657448 0.4835667262
0.3829956365 0.3404551948
0.4000446841 0.1998179162
0.9936183229 0.4139584896
0.1280231829 0.3463033469
0.0705990209 0.0297042311
0.2344942792 0.0734842670
0.5170190783 0.2614098514
0.2288374692 0.9287303510
0.1803640725 0.7534401597
0.9500830133 0.0794812448
0.7174620952 0.8037210357
0.9887468462 0.4978292351
0.7300574659 0.5926163057
0.6760367467 0.2281905579
0.6348338661 0.1807887733
0.0308706912 0.2492976256
0.7838704544 0.1359976037
0.4882207805 0.1123053079
0.1615758101 0.1884740002
0.1150973778 0.7638092278
0.1406417766 0.0690640399
0.9957794324 0.1162753780
0.4154636943 0.9106412032
0.9935819785 0.9582661473
0.8603235992 0.6139689878
0.3298877230 0.8798515873
0.3532656895 0.2645224328
0.6377117542 0.5698747020
0.9744212859 0.7065970040
0.6265120427 0.4707861984
0.3119933364 0.6317929858
0.9002237153 0.4365396771
0.2938483630 0.7349538071
0.2600699670 0.1955452684
0.4604376809 0.8846582326
0.9260253002 0.5898720915
0.4566697521 0.1711564479
0.1554769056 0.1505744185
0.6015451579 0.0369397361
0.0976799236 0.2528092814
0.9878869188 0.8750512880
0.4258140845 0.6100729510
0.8098005566 0.0203535526
0.3420676045 0.1813659822
0.8224971097 0.7388563349
0.3053451817 0.3096127139
0.4805866883 0.3879098971
0.0802592260 0.1465440524
0.9947504515 0.7387216945
0.8157594092 0.7880050130
0.0316645770 0.7742545505
0.5439660455 0.9284947665
0.2358136972 0.2406834540
0.0939541533 0.3111577753
0.4267770784 0.9953170753
0.8882631579 0.3123899048
0.0428940339 0.0898781445
0.5125651902 0.5239368400
0.8266070386 0.0492921614
0.3488022161 0.5271457074
0.1939034343 0.8330070258
0.0469642538 0.5074770920
0.4653047550 0.4393514837
0.0970541344 0.9406122432
0.1686603184 0.6513981254
0.6847483251 0.0308250557
0.2298575152 0.1327411762
0.3134448430 0.1184793525
0.6667128729 0.7156030356
0.9884040214 0.2047440760
0.3767180720 0.8392009460
0.5817917311 0.5169723927
0.1732526764 0.4099644501
0.4149495562 0.6981381139
0.3542296582 0.9859389257
0.6225335000 0.2758105579
0.5855683689 0.7017632170
0.5647416664 0.7759257202
0.1735214634 0.0200845285
0.4616461716 0.6915839377
0.6803237977 0.5995737407
0.4528884156 0.2699908861
0.0852618373 0.4508241858
0.2795042636 0.8468250988
0.0618619976 0.5713662332
0.9424896011 0.0125290741
0.2561174950 0.4741218378
0.3776866507 0.4284485596
0.2659577920 0.4753994396
0.8047523833 0.6645612269
0.0934152536 0.7237844516
