0.0649860230 0.4792343255
0.6176198612 0.1724481229
0.4662195723 0.5160359492
0.4670452111 0.0519720843
0.1564759197 0.1012083620
0.7647945596 0.4032039705
0.9783487504 0.8575757274
0.6969965820 0.7445358664
0.2274924129 0.2304512025
0.1192588410 0.0278115459
0.0359693841 0.8107777807
0.4773449580 0.9706363448
0.2121657860 0.8927790182
0.4075991372 0.9207262604
0.1554310105 0.6506243156
0.6144906580 0.6453455370
0.7012592074 0.6223876077
0.0536617746 0.9421267164
0.0317891211 0.1786976936
0.9558319895 0.2555917644
0.1617186573 0.4041801384
0.8803257157 0.2922097687
0.3643149725 0.9427850615
0.8813482617 0.2242702714
0.9547611156 0.9118563863
0.1169843290 0.6278691280
0.0424504493 0.8972361144
0.9419583856 0.1184230764
0.2396123172 0.7683018476
0.2333624472 0.9664011361
0.4194676099 0.2364784856
0.3369111011 0.1976011046
0.1052860807 0.1094962272
0.6769216423 0.9940157457
0.9304907361 0.5078173553
0.0038033612 0.6257760557
0.5400481692 0.4305564020
0.7863919523 0.7846325809
0.4187101450 0.0949813761
0.2219196335 0.2353643915
0.0930993726 0.5615603832
0.7317824902 0.5595046025
0.0853290008 0.4224667194
0.6308475428 0.7893753413
0.8546825415 0.7412099685
0.2550564765 0.4583413244
0.1930856975 0.1504676837
0.5337658195 0.6631752475
0.6340527141 0.3427528865
0.7639959453 0.9375386065
0.9543222434 0.5514344136
0.2846735934 0.5941474541
0.7552442703 0.0159329033
0.3612755114 0.7835231665
0.9240711200 0.3507681826
0.2018735224 0.0183880134
0.8758165792 0.3878995429
0.1341319303 0.1928621374
0.5467469656 0.5224997374
0.5206480502 0.2889373295
0.5330009193 0.6070411719
0.0121565862 0.4359753608
0.1532842395 0.5494315527
0.5255804282 0.6991167278
0.7462150116 0.2185274043
0.5280158886 0.8129788487
0.0071570835 0.6968996025
0.6478364903 0.9116889973
0.0898681155 0.0211016844
0.7512263929 0.4522311092
0.2153891472 0.8882478186
0.4060027230 0.5282624545
0.5987019841 0.5791234575
0.9856307233 0.7745017775
0.8090967715 0.5245784055
0.3293929191 0.3308451092
0.1665197767 0.3015087183
0.8507572263 0.4504871993
0.9548235301 0.3976350777
0.6527890011 0.5112937835
0.3943750596 0.0092128843
0.4844233258 0.3551056551
0.4546445731 0.8005983082
0.6966328034 0.3162464551
0.6318888061 0.5627236810
0.0460749830 0.2759544004
0.6058702314 0.4514174336
0.8210128844 0.1609025237
0.3877905956 0.4205151010
0.4207357763 0.6575856986
0.7676344486 0.1058804925
0.7900213989 0.8663320545
0.5871299779 0.1492866680
0.6418616773 0.2508294014
0.0744782194 0.3591832136
0.1408024894 0.8233753062
0.5114782681 0.1047881633
0.4719943430 0.5870636917
0.3474330833 0.1076791961
0.2778970309 0.0749791126
0.1374034002 0.9240797069
0.9359998925 0.6877792874
0.8470935323 0.7936722484
0.3620588801 0.3051791148
0.5545728861 0.3597482437
0.1547196613 0.2528908263
0.1111853306 0.3311474640
0.1660079168 0.7770061824
0.8466891359 0.0599880060
0.8767432561 0.6983888694
0.7907952375 0.0517798139
0.3349905189 0.1693669236
0.4276706774 0.8520774144
0.2012583179 0.4813072727
0.2276008155 0.5487935721
0.6502756751 0.0706766975
0.1176972308 0.8676066732
0.2058456768 0.3600895365
0.8227642226 0.9628555401
0.3021805689 0.8858163809
0.5337539422 0.1233584456
0.6983496517 0.4239358565
0.7164584118 0.8218954103
0.1317920733 0.4737606432
0.8428175152 0.5436865498
0.7865581007 0.2285247170
0.5294773671 0.8668728837
0.0227105003 0.1045205945
0.8761924952 0.9427581027
0.6987847825 0.2530442932
0.4569089395 0.4548487095
0.2826056012 0.1294452321
0.7091129471 0.1315593200
0.5084783641 0.2138425138
0.8823569483 0.8147655530
0.3440425615 0.0125493649
0.0587037730 0.6773944862
0.2177978613 0.7213009888
0.4299880358 0.3739896884
0.1043160687 0.7420049152
0.2848033204 0.4208358921
0.3115591746 0.6964748375
0.2913900495 0.0132208257
0.5183158264 0.2108286709
0.9063563288 0.9972615435
0.2406438133 0.0695949056
0.5323426766 0.4359821566
0.2035419141 0.6766243523
0.5919446975 0.0698790780
0.9969897755 0.0546524186
0.8963140398 0.8864482185
0.2958356036 0.2791701822
0.3284477320 0.6477973692
0.5766369369 0.2851225032
0.3913247610 0.7195830453
0.9552364865 0.6234973231
0.3448161100 0.4480459057
0.6850739226 0.6894516187
0.0885575194 0.2345580997
0.2696465245 0.3585942699
0.5828929460 0.8447184986
0.6906815290 0.1606640795
0.6112107905 0.9248603492
0.9661702299 0.1933300488
0.8041599971 0.6095436772
0.7742824573 0.3065369026
0.6445761165 0.0032758239
0.3310420690 0.5137011538
0.9009115093 0.1078312917
0.7242157295 0.9713335605
0.6947879272 0.8179086218
0.3003864493 0.7504665908
0.6174505683 0.7178229595
0.3279848649 0.5924829598
0.9696766945 0.3080921346
0.3970212058 0.5960652304
0.8302924295 0.3033608426
0.9124182264 0.4687288154
0.7423666299 0.5377508461
0.5454238218 0.7561464569
0.8840881907 0.1753605348
0.5585141458 0.0026428801
0.4559150063 0.7079728260
0.5343942389 0.9202260030
0.4283797401 0.2335083153
0.2162161418 0.5798959488
0.3726715805 0.8440863694
0.7956671255 0.6890951702
0.7744151005 0.6703425009
0.8239352639 0.3902299799
0.4633452409 0.9451292138
0.0369402119 0.5330619158
0.6735596078 0.3931405430
0.8873296246 0.6033849327
0.3018172535 0.8480501684
0.9297357413 0.7940510110
0.9515399277 0.0613867284
0.4155428719 0.3080138324
0.0562537667 0.7801545804
0.0261544072 0.0023567743
