0.9836558256 0.9541207417
0.2189972581 0.5241297230
0.1659809910 0.8366058743
0.0217319335 0.1252207312
0.7270757995 0.1682243429
0.6439849229 0.7600838014
0.2777549523 0.3033606409
0.0362302397 0.9302183224
0.6230069314 0.8261714577
0.9059183205 0.3452976332
0.7211102332 0.3194950154
0.8468789466 0.6221007287
0.5281268014 0.5018917266
0.8405371444 0.2020743267
0.2548269034 0.6796726818
0.4925108410 0.9306241505
0.6885113039 0.5240705757
0.8304710461 0.9887697875
0.5929510272 0.2855300642
0.1951821152 0.9894444476
0.5074743178 0.9677934789
0.6007221483 0.0352756003
0.2504264372 0.4575279291
0.6316473010 0.1564470510
0.1708166053 0.9812636144
0.3820841533 0.2289596115
0.9631051701 0.2632327691
0.6735268425 0.4639569582
0.4701223988 0.3772654560
0.4661352515 0.5085380136
0.2333671919 0.8434895910
0.9985020033 0.8621754054
0.3684689357 0.4470656853
0.8860358611 0.0182052654
0.4627409838 0.1957496749
0.2320203191 0.1406558846
0.9433799070 0.2208387145
0.6401359716 0.6376074418
0.7509039949 0.1110489883
0.8488558169 0.0809738338
0.1501566179 0.5314228442
0.7413380664 0.4148181752
0.1294764011 0.6384400729
0.9606044606 0.3193447957
0.6929470773 0.9085024248
0.1079499075 0.9728941658
0.9080101468 0.0927588899
0.5211226580 0.2625102979
0.6089114318 0.5070054154
0.9509249734 0.1071405636
0.9141601497 0.4421182979
0.7188623784 0.8582995879
0.4788327407 0.4614718700
0.8105619245 0.2515851673
0.8994918189 0.6506160843
0.3050048476 0.2534471640
0.2759261593 0.9810288452
0.3697443112 0.7383375897
0.7742796014 0.3490089822
0.0203428390 0.1840451339
0.6721226242 0.0984801144
0.4446996121 0.5804246020
0.8572557689 0.2983780221
0.6561792547 0.3686845230
0.8371729622 0.1277608877
0.0621898735 0.1423981081
0.8124720472 0.5843936758
0.8490376089 0.8995967473
0.9299584805 0.4852325109
0.6864110615 0.2789734902
0.5635748151 0.5623986253
0.0708001020 0.5422195758
0.3093095123 0.3949795451
0.0594425766 0.2426703244
0.2077669711 0.3385178888
0.4957636198 0.7050980547
0.1265378682 0.1592991299
0.4793761670 0.1250560597
0.9975918058 0.3914198633
0.2921385135 0.1938501876
0.3233956234 0.6265639339
0.0581139481 0.9458491079
0.5886035573 0.1258075196
0.7885125685 0.2694780413
0.3895219210 0.6240135538
0.1924367338 0.6945524449
0.4510103822 0.0339387467
0.5528561233 0.6425741092
0.2544130931 0.7531747022
0.5642467600 0.1930227799
0.1042647588 0.4956140651
0.0896413548 0.4251488342
0.9781050484 0.4244431442
0.4102701178 0.2795974176
0.3942945714 0.4321641741
0.3943818303 0.0999892851
0.5995684828 0.3561252779
0.1041187632 0.0961535781
0.4234632070 0.8157012178
0.0693458263 0.6209244744
0.9348515594 0.8938421786
0.7458671030 0.7816355002
0.1748075538 0.1533538143
0.4664040276 0.2729183118
0.5883383483 0.4385736211
0.3002502428 0.1551585849
0.9788085385 0.6687278579
0.2675209977 0.5880813471
0.3773968499 0.1581588183
0.5814031529 0.7596658195
0.2953073228 0.8371662352
0.3093126136 0.7203453822
0.1988728992 0.2300191981
0.6746249757 0.2436039666
0.2217451247 0.3903100982
0.7460934739 0.9976813628
0.8627249882 0.7557402032
0.5115410697 0.6563632473
0.9884779281 0.7600234967
0.8592917187 0.8536687644
0.8267921611 0.8031635710
0.1628010162 0.3837600316
0.6190986128 0.6941910136
0.5422062879 0.8532432935
0.6027007853 0.9198524931
0.0734723191 0.7621432870
0.2465807222 0.0567821594
0.6921549789 0.6607149512
0.0240668476 0.6195207633
0.6464011228 0.0484083567
0.9826870445 0.7838571606
0.1789741790 0.0908070073
0.6408773415 0.9101291612
0.7452716722 0.8694454371
0.8913866621 0.5430487104
0.3041281951 0.0881656183
0.5080121324 0.3933194523
0.1748963015 0.8933221747
0.4444417867 0.7135699201
0.3407969927 0.2750171834
0.7710638906 0.5185079811
0.3347401524 0.0111794581
0.1535457187 0.4359329866
0.9357445481 0.9612431417
0.5260231863 0.5807716508
0.3386897779 0.8653889993
0.5263067974 0.0524178322
0.6569306350 0.2039307582
0.0593006495 0.0491526706
0.9693389576 0.0415473148
0.8953830827 0.1941795106
0.4021398796 0.3563959237
0.1280409791 0.2431476470
0.1583730943 0.7709841787
0.8309329650 0.4238441928
0.6619782335 0.3966091637
0.1222392518 0.3303069761
0.9191072646 0.7236134315
0.3855454064 0.5200635119
0.2612915006 0.8013196919
0.2352363637 0.6151787733
0.4705328343 0.7973614641
0.2457887680 0.3114853456
0.7455494089 0.6696478738
0.7058328054 0.7696690959
0.5092772993 0.3195100032
0.7644518215 0.0756650306
0.8121787633 0.6999960418
0.1854688826 0.5549620595
0.4606701387 0.8760620037
0.7999238374 0.7030203662
0.9182522142 0.8270191203
0.7515463658 0.5873056337
0.2119824719 0.9243856323
0.5122973432 0.1432662588
0.3027089840 0.4725145680
0.0833441028 0.8056598959
0.0620548825 0.7050028764
0.0065667021 0.4973717141
0.0608428776 0.3161323572
0.3030897172 0.9741352939
0.4096206361 0.9836095201
0.0883652718 0.8742110564
0.6026904241 0.9583594846
0.1358382869 0.6730885771
0.8500069076 0.4993064962
0.4223891137 0.7027843682
0.3634733240 0.8903163738
0.5377854499 0.7722867811
0.9877520524 0.5460330198
0.3546700565 0.5666544582
0.7639821036 0.4764094793
0.4354043650 0.9100313589
0.6541505846 0.5761081197
0.0409595823 0.3248501817
0.8140455927 0.9494038671
0.9373189345 0.6089429368
0.5043569856 0.0129077641
0.8524777680 0.3705698423
0.7279589327 0.9933712682
