0.4708763122 0.2577726011
0.6954572284 0.1796152611
0.9916779534 0.4338225166
0.4769830904 0.6874502638
0.4704178651 0.4877266873
0.5283464697 0.1823999510
0.5854385908 0.4322994249
0.3279268797 0.7870477642
0.5668891434 0.9363680791
0.8577029090 0.7472742752
0.5036470703 0.8232510271
0.2158250977 0.9209143093
0.7560016007 0.9897049161
0.3614151971 0.4995927881
0.8529959631 0.8901261080
0.4604465619 0.1770494645
0.7828570311 0.6112202475
0.4659982802 0.3494948848
0.2943598980 0.4907203308
0.5702291205 0.2891865534
0.9473114947 0.1002577019
0.0528183555 0.0958087006
0.7837063634 0.9147998756
0.5581765111 0.6288048497
0.2567808070 0.8699952850
0.9186183053 0.5367532407
0.1805471011 0.7929339471
0.2708133235 0.7610086608
0.7742103729 0.1380459952
0.2469421878 0.3693499752
0.0444317156 0.9515676407
0.3418916666 0.3136535666
0.1346051082 0.9119678673
0.7752779365 0.2077886803
0.6923446824 0.0575399206
0.5359471997 0.4115048553
0.1855106771 0.4031391812
0.9561608332 0.9792509185
0.1079908837 0.2959775670
0.0689042164 0.1686289632
0.4611114857 0.4247393764
0.5101140627 0.9695895096
0.8490990865 0.6658514141
0.6265633795 0.6943466221
0.3979080869 0.6637573557
0.1292787509 0.1720373142
0.0705562137 0.6772947930
0.1035684196 0.5834781439
0.3303906463 0.0973013677
0.3495039231 0.1748352970
0.0740415432 0.8485551838
0.6770482987 0.1455367708
0.2627357600 0.0683010234
0.7917294353 0.3127212729
0.4238475985 0.9667685175
0.5144823232 0.0510417971
0.3666002441 0.3727981266
0.7388730527 0.6754505115
0.4354533894 0.0015781064
0.9993102622 0.1794038594
0.6391956161 0.2752727636
0.8589631792 0.5932788142
0.2744437778 0.9619339641
0.2043972184 0.5636845855
0.5802547509 0.7735133317
0.8113791623 0.0407901218
0.4068216942 0.2077622396
0.6294328935 0.1043090285
0.8289542420 0.5413412342
0.4426603946 0.1201887665
0.2513634301 0.5131104688
0.9515952148 0.4918266627
0.5977105875 0.3663259784
0.3134285175 0.8602290686
0.3416375727 0.2299863251
0.7823331784 0.3704116653
0.1995984996 0.2672288285
0.1483361392 0.3373942623
0.8924508151 0.8130473154
0.4868295326 0.3384722825
0.8373432257 0.4100168542
0.1538052120 0.1136721710
0.3620888384 0.8220137361
0.4035953741 0.5907757661
0.2365139624 0.6362069392
0.3363273395 0.9852417461
0.0737114699 0.3859267193
0.4055104854 0.0554007894
0.7652469393 0.8266110893
0.0262397273 0.2629489413
0.8401132329 0.1198181065
0.2637656303 0.1513746642
0.7680999665 0.5445238303
0.9249448585 0.1560538225
0.1820794979 0.2464646795
0.7073240306 0.5779451888
0.9980417084 0.6177838001
0.6001938290 0.1960358489
0.5318874245 0.5051415420
0.7199134773 0.8687391329
0.4084619414 0.7393555140
0.9358296063 0.8720163923
0.5084718551 0.8221627620
0.1229468749 0.0029299635
0.2810857864 0.6924939829
0.2505448459 0.2113334635
0.3367873057 0.7064970687
0.8305558585 0.2335040372
0.8455029798 0.0466561373
0.5488155674 0.8802779627
0.0592400193 0.7509047889
0.9379374523 0.0371959615
0.4853668989 0.7092037109
0.1017651156 0.7632111106
0.6987837130 0.4518300064
0.6517287330 0.9935067885
0.7047558056 0.6591827231
0.0430943309 0.5271063191
0.0964190207 0.2257314783
0.0454698569 0.4701969366
0.7002715296 0.3270000688
0.8947627986 0.9794704483
0.2814533839 0.6350879059
0.5521711005 0.5374217120
0.5338855070 0.7113980645
0.6336652575 0.7644800355
0.4288359175 0.8881383316
0.0042327181 0.7994598751
0.5464749645 0.2506851242
0.3333635521 0.0664866151
0.6984728807 0.9353646839
0.5625931183 0.1260185552
0.7174614031 0.7452248274
0.7804990490 0.7153285700
0.6193107359 0.0600183023
0.6234247159 0.5189315128
0.9884500366 0.0957858578
0.2301663701 0.0309739483
0.0127178148 0.9207261023
0.0888850293 0.0034876195
0.4130094957 0.3148054731
0.3020419804 0.4074639192
0.6246152384 0.8360531744
0.1457474579 0.4263297959
0.2504652864 0.3172205146
0.1973880645 0.7339567822
0.6477527819 0.8798753142
0.8750904428 0.2103972403
0.8953302356 0.7373978287
0.7253753334 0.5180659464
0.4774231731 0.9185227875
0.0109740858 0.6832485889
0.8097999420 0.7971371960
0.3432021913 0.5819362166
0.6376995038 0.4904157688
0.9604667869 0.7208259106
0.1962484748 0.9640152374
0.7762341225 0.4408563665
0.2030438882 0.1306229391
0.8138862135 0.4893814832
0.6431092464 0.9853266753
0.0003102071 0.5721397172
0.3482579920 0.4383560035
0.0031815099 0.2670308027
0.2099838308 0.4763268015
0.2063806882 0.6103235253
0.8763586942 0.3341168675
0.5935347993 0.6123090140
0.0354612946 0.0423841070
0.6878811628 0.2328564940
0.9325027011 0.6472302004
0.8729477181 0.9318167072
0.1387517258 0.6938800278
0.3135838012 0.2689681980
0.7815913454 0.9094104447
0.7414717643 0.0750486448
0.1200288876 0.6104960649
0.7503801237 0.2640228810
0.2043618463 0.8308700250
0.9052403368 0.4391076854
0.0211328798 0.8759948790
0.1565021879 0.0474268865
0.6270819074 0.6921331452
0.1288357688 0.8379866618
0.4678319732 0.0609690958
0.6252544189 0.3631389139
0.4900014904 0.6039947837
0.9545470110 0.7689842742
0.4238560595 0.4891946900
0.6981136521 0.3851682606
0.0957456285 0.4483736184
0.9033933917 0.4072162182
0.4245164961 0.8047110626
0.4103409019 0.5478092725
0.9632335788 0.3437945169
0.8870253595 0.2999556534
0.0230855410 0.3516533287
0.3494426848 0.9167611766
0.1396628629 0.5134484894
0.9403025566 0.2385681864
