0.6409557546 0.0216702257
0.3644217741 0.5799317545
0.1175861114 0.7521867734
0.5457187888 0.4773033131
0.1967527632 0.2071300372
0.9543997028 0.0303363263
0.1127248019 0.8118710526
0.3794198284 0.9494895390
0.8994364688 0.2131494099
0.2084544763 0.6094612322
0.8105296822 0.5750876161
0.3843487193 0.9584079717
0.6378024660 0.2431273713
0.7537930972 0.2754436004
0.7693814655 0.9885057082
0.2260336189 0.8814887920
0.1436130360 0.5263104966
0.1713080501 0.7046715329
0.5361066351 0.2659489791
0.9827274226 0.5493468489
0.3631207994 0.5122558566
0.7460641578 0.3826176336
0.2601862376 0.5762341985
0.5652676189 0.0737052698
0.7070632986 0.0258378137
0.9315335480 0.6264785360
0.2267531763 0.2737501849
0.4926736082 0.3576213796
0.9234541722 0.5606876080
0.9647096270 0.8881449278
0.8184286876 0.8126860262
0.6181462037 0.4673206003
0.2733452828 0.9409169800
0.0604198927 0.8280466434
0.4305389776 0.6838734380
0.5940407952 0.6991437341
0.6564927147 0.4486391072
0.6379659696 0.8473079643
0.7469959922 0.2135274906
0.5764065402 0.2433625229
0.0479803126 0.4524556273
0.3123384386 0.3636417928
0.2053249189 0.8515189146
0.8196045253 0.1585044227
0.7522840626 0.1062491710
0.1428559405 0.0831635966
0.2211974435 0.4867642131
0.8685772621 0.9467621276
0.6831411548 0.1741961884
0.2813695085 0.2306077364
0.9276861681 0.3442484536
0.6516917027 0.9590691129
0.5952713563 0.3561197397
0.0592563655 0.2956025452
0.1471469191 0.8994444428
0.7481589286 0.4972623546
0.1024310873 0.2337307218
0.2920968521 0.1529138061
0.0808931308 0.3564951424
0.3502892567 0.0237207227
0.4527864908 0.9781348777
0.1505852450 0.1915344970
0.8269743609 0.2300724742
0.5131053726 0.7778137034
0.6186736299 0.6342331507
0.6177763964 0.5416751534
0.7763419345 0.4558097259
0.4248625914 0.1671524070
0.8600431366 0.3981285301
0.7667256627 0.0040573076
0.7803795246 0.1021180657
0.4947192810 0.6681152226
0.4132941601 0.8650892135
0.1497712663 0.9957549014
0.7681268567 0.6852099577
0.6869366721 0.7712498924
0.4322075663 0.7594855195
0.0278464771 0.5258795479
0.8708795519 0.0884213874
0.0162037756 0.0450419515
0.3132060796 0.1501678790
0.2747891812 0.0371902711
0.0929788460 0.7088047087
0.5471008025 0.9722829152
0.5807049858 0.7891317500
0.7241486754 0.8093151084
0.6813532719 0.6845894730
0.5641836155 0.4161211954
0.6340698491 0.1439072201
0.1752983868 0.3056584335
0.4874457507 0.5972974827
0.3892137862 0.6365462994
0.3275697242 0.4732386923
0.4373909864 0.5766045291
0.8903300736 0.5148744150
0.9063481860 0.0179576463
0.0309532150 0.7525707609
0.8849715039 0.8794763683
0.8240551958 0.3214360171
0.0903065440 0.5484127718
0.8461478704 0.9498248711
0.4972234746 0.0629826232
0.1945759132 0.0899754274
0.1153933465 0.6206083167
0.2504872616 0.7091123390
0.2780260717 0.3001607386
0.9387786225 0.3269059069
0.9970062739 0.1296694126
0.7009002177 0.4371536965
0.1060130783 0.6408071779
0.0404423996 0.8592413357
0.7371111040 0.5574618453
0.0630107557 0.4140270127
0.1105207256 0.2907394530
0.3997138878 0.3635766660
0.7102413689 0.9193586474
0.4640329233 0.5329739879
0.4906653441 0.4249661343
0.3379187143 0.0823839698
0.0803576689 0.0770064322
0.1852086284 0.0093548324
0.0292294050 0.1364704011
0.9509140765 0.4588293404
0.1690175636 0.5175043195
0.9644257193 0.7908375545
0.8608424328 0.6991829121
0.4404173028 0.4759292681
0.3107525822 0.8477541079
0.9991407041 0.7063271415
0.0984253321 0.4372796298
0.2658634904 0.6673782710
0.3991825692 0.4262469565
0.9190901394 0.7450354298
0.9036530311 0.4519197938
0.3357844082 0.3547984186
0.8583295493 0.3126816505
0.5295347304 0.3212756922
0.5663572577 0.1836149799
0.8950554602 0.2200012753
0.0386180822 0.1973223492
0.6302253273 0.7712678854
0.8199006109 0.4993243457
0.3632444812 0.9255137891
0.6298537152 0.6011964996
0.4237188117 0.0525154333
0.4663804791 0.1072541167
0.1244901660 0.1407233360
0.8459758411 0.7666817422
0.0045922766 0.2894471316
0.5033465634 0.1680044043
0.8482550509 0.0567963610
0.2554986767 0.3796824458
0.6415163321 0.0977702725
0.5431686223 0.5352367801
0.6882996370 0.5686078876
0.8934652490 0.6329965355
0.2135923305 0.3906319516
0.5444418794 0.8885089709
0.5045153162 0.8532382172
0.3825450661 0.2766251638
0.6655405582 0.8736431869
0.3605932519 0.6908883541
0.2478391473 0.1430111120
0.7935614602 0.9060272133
0.9188463566 0.1212302857
0.9672730829 0.2084084041
0.3362232732 0.8137241061
0.7750037269 0.3631926132
0.7604351759 0.8630000256
0.2274052985 0.9726340248
0.5390430752 0.6809729096
0.7254388993 0.6496964356
0.8254563750 0.6336673587
0.5618643811 0.0384695930
0.3684909164 0.2269578150
0.4375473126 0.3159247293
0.0844178138 0.9338784764
0.7746156353 0.7248733928
0.9794235216 0.3981536802
0.3639071358 0.7968247351
0.0377841411 0.9326176128
0.2527419414 0.7841774140
0.6483541519 0.3259401079
0.1887293957 0.4506823295
0.9582288476 0.9196308171
0.0512833146 0.0108846504
0.2843404704 0.4854564899
0.0464240906 0.6150209883
0.9741219861 0.6576713744
0.6008641052 0.9564186418
0.6857947577 0.3349807468
0.9009868184 0.8363219393
0.6819842288 0.2399138591
0.4637585752 0.8696130057
0.3027509233 0.5997244318
0.3040770302 0.7359974991
0.1841034529 0.7875000419
0.5141796583 0.7631510745
0.3779774875 0.1334829826
0.4665543270 0.2389269984
