0.6526991537 0.5465103025
0.5216406106 0.2233592687
0.1173765487 0.8125131605
0.2333761569 0.1863209205
0.0241371235 0.3731985389
0.5567204189 0.6861459256
0.3202065302 0.0409850679
0.0952757285 0.1551211684
0.2020796022 0.3451699984
0.5306511219 0.3035147497
0.9300589494 0.3408324942
0.3983081686 0.0763374255
0.3553352164 0.1964174756
0.2573474168 0.4557550013
0.5699597475 0.6280228791
0.3111601987 0.4784095132
0.8195469219 0.3730625531
0.7344240689 0.4163731524
0.6320673045 0.8002258569
0.2604280292 0.9430787888
0.3626876574 0.3837514418
0.5138305779 0.4091011871
0.7849445596 0.4564072772
0.1175513949 0.9279299586
0.9072087614 0.1362881071
0.0713911750 0.4120971625
0.9739129075 0.3828322376
0.2059877216 0.4218260295
0.4169480076 0.5459197430
0.1348994860 0.4410155082
0.6976332464 0.0193409464
0.5807237205 0.4195788155
0.9104063309 0.7051568089
0.5838102735 0.8411516645
0.8731831002 0.3719226328
0.5210518930 0.0641924813
0.4489323182 0.6250973179
0.6884380385 0.4830392734
0.2502382208 0.5839448091
0.2536862519 0.7085814003
0.0866533106 0.2388235429
0.0776814587 0.6276864703
0.2844278867 0.3149253389
0.5920657029 0.2620554497
0.3564460086 0.7720679571
0.3451706537 0.2464130553
0.2114878683 0.2769897911
0.9090041241 0.5204356475
0.6714176562 0.8747840474
0.7546839869 0.5555295326
0.4282672854 0.4504500917
0.0383224995 0.7638641669
0.9964658946 0.5953557391
0.1246619300 0.3020361399
0.7859562898 0.1214500588
0.7462873785 0.3648738380
0.6083627548 0.8977829516
0.8457091119 0.2849135697
0.4269501517 0.3331288882
0.8860109367 0.9502316034
0.2882057607 0.1302169874
0.4338574340 0.9754948336
0.1435721658 0.0431684094
0.2269602711 0.9747253412
0.1390418602 0.4294611346
0.0961953675 0.3299678416
0.8569270306 0.1622869713
0.8299642822 0.9803609304
0.8413721566 0.9158267689
0.0995335507 0.5429699903
0.9628659904 0.8564801044
0.7259729526 0.2428070493
0.3559500211 0.6677081403
0.7009126928 0.3430843950
0.0318965561 0.4932227670
0.5061687917 0.0111455418
0.1819604139 0.5131826682
0.1704508202 0.1129505472
0.7395739921 0.8563480248
0.9694054118 0.0332037091
0.2794389786 0.5402101008
0.6950361717 0.2397592152
0.3340858208 0.1189519919
0.1372488804 0.9653757164
0.9832401919 0.1472336510
0.5886615980 0.4874410046
0.8912739448 0.4659144101
0.2917760794 0.8316224637
0.6062789567 0.3161054466
0.6507854980 0.0460088840
0.1586420773 0.2308072135
0.4175218776 0.0183633252
0.8679649916 0.6008396402
0.1226558500 0.1311714122
0.1462231043 0.6224036529
0.6645040084 0.1570591805
0.6672136793 0.7100995201
0.4750271355 0.8432350640
0.2800283509 0.6469176246
0.2869936707 0.7572964716
0.3988598012 0.8614769833
0.8122836457 0.4866018661
0.2099246570 0.6632396242
0.5782821443 0.5408362693
0.6933569406 0.6860779961
0.0239073192 0.1911654625
0.6120652740 0.2144614192
0.6013491949 0.0478618411
0.8391897762 0.7273136883
0.9549669453 0.2160148781
0.4747614625 0.3073314707
0.3974300454 0.1697600246
0.6456645516 0.6169236753
0.5905815734 0.0983679668
0.5349427380 0.5861417454
0.0723653648 0.0136738588
0.5572209727 0.7659733001
0.7148617809 0.1571392821
0.3526215319 0.9775599822
0.4216080855 0.7372280733
0.4439014019 0.2395412661
0.8064327625 0.9080847873
0.8747706637 0.7968702925
0.0492163146 0.0665464021
0.7149928483 0.6036060924
0.6087843343 0.3818839386
0.3223677680 0.9129488805
0.1348095856 0.6914385211
0.3691830779 0.4698739193
0.0124617558 0.1065659393
0.6448729755 0.4454974983
0.4863993879 0.7051978190
0.9298809999 0.0754059467
0.1808301923 0.7303151931
0.0431205099 0.6840741741
0.6702256113 0.3276912210
0.4014164984 0.8126084313
0.7688997246 0.0490401332
0.8795000335 0.2662539755
0.7986230602 0.2766631217
0.2273799220 0.0673001390
0.2064371848 0.7895279683
0.5012322992 0.4870854381
0.8471034625 0.0709071918
0.7702110187 0.1749987098
0.0231517935 0.2695369201
0.0521530776 0.8592725893
0.8206125331 0.5304593745
0.3560337881 0.6155541096
0.1845612679 0.8956256327
0.4148993934 0.9182113126
0.1773508263 0.5728210476
0.7209260637 0.7652715792
0.4730377274 0.5390671903
0.2333836855 0.1620064515
0.0506613351 0.7975587952
0.8630999496 0.0454812893
0.9978857566 0.7418298706
0.4843891753 0.1296489636
0.2176468695 0.8764197438
0.8006413891 0.6351519670
0.3481972126 0.7469393153
0.8623410044 0.7750079918
0.9273405036 0.9058450509
0.6114350196 0.1473975776
0.0827388782 0.5288918684
0.3703566375 0.2967304900
0.8486374444 0.6617737942
0.0038519819 0.9780321551
0.2848527405 0.0028364352
0.7154625678 0.8158123298
0.4939590733 0.7514237963
0.0588575183 0.9513582323
0.5089978222 0.9402823154
0.4443773910 0.1398488422
0.5893924239 0.9005887238
0.4664419726 0.6346711343
0.8972073550 0.6049445281
0.9296041750 0.2386330097
0.9964690669 0.9045000103
0.2680134208 0.3799660776
0.9822834678 0.3056955498
0.1432892806 0.7976041717
0.9087571891 0.8787246185
0.7361510491 0.9288120344
0.9546921838 0.4409247166
0.7699871572 0.6870508749
0.6227800514 0.6915377918
0.5162069893 0.8852085442
0.3474481386 0.3938272715
0.4893091434 0.3827091069
0.9911260784 0.6875652277
0.7963531666 0.7561604615
0.9841053111 0.5136442596
0.2678697748 0.2473151417
0.5710699407 0.9758707681
0.3482503230 0.5474359727
0.7223424294 0.9687470854
0.9850786466 0.5913208327
0.5345861687 0.1532377379
