0.1029987106 0.1322087719
0.7108554715 0.1956112332
0.6898325875 0.2100824081
0.8536366332 0.4695380399
0.1074509685 0.3518020284
0.0854863447 0.2555052668
0.1558588587 0.8143813644
0.3205501974 0.5099250543
0.6830323171 0.9151703386
0.5994380343 0.4495842711
0.3410690736 0.6501143832
0.4373391662 0.4176113855
0.4165633283 0.7809798521
0.1890744321 0.9270025723
0.7640150694 0.5872707734
0.3076696158 0.0808337148
0.7330846949 0.6379318676
0.7601086839 0.0902765008
0.5687572534 0.8889839628
0.8041490094 0.6792521107
0.1366427961 0.1860686871
0.2061783228 0.2889466813
0.3003513940 0.9608778667
0.5891136327 0.2655703841
0.7741115471 0.1386207568
0.4671395946 0.4899040205
0.9509401650 0.7978631598
0.5092791284 0.4011731210
0.6147898753 0.5096105597
0.6831430558 0.8701638605
0.2849449908 0.6176051314
0.9319753566 0.9481776237
0.0474863292 0.8153202275
0.4444653317 0.1631703370
0.7289374288 0.8642131059
0.8261426134 0.0823704000
0.1213984711 0.8380803683
0.0409899413 0.9954202331
0.8819640621 0.6927956522
0.8221251165 0.9555475996
0.6531218204 0.0779400441
0.1916255638 0.1142884131
0.1542303399 0.4854384385
0.4879606313 0.8877583538
0.2730447278 0.7596155354
0.0567201227 0.1752882429
0.8961391626 0.7546637733
0.7466475712 0.4133640341
0.5868877392 0.5985484177
0.6387583173 0.0664090623
0.8557810724 0.5960610917
0.3891970402 0.3092096851
0.2510157546 0.4048137524
0.0186753596 0.8596615924
0.9986572486 0.4054391335
0.3556223686 0.2447006278
0.3895292417 0.1175830920
0.6343073439 0.6877867806
0.1840052276 0.4094189660
0.2943566538 0.7935879191
0.9246089387 0.8718617331
0.1800223557 0.0126112535
0.1768123475 0.5876111300
0.5816488612 0.9854490145
0.5789603864 0.6865819536
0.9397390936 0.2834834529
0.8679816012 0.9757411247
0.9076927992 0.5278734104
0.8735569789 0.1844396098
0.0537013857 0.1179619030
0.7023772938 0.5299106183
0.3206316605 0.0404544444
0.4782388627 0.2741848554
0.8140314755 0.3903117021
0.0627888933 0.5300343606
0.3874409443 0.8594138450
0.8765972548 0.3239259078
0.3217077422 0.6828099995
0.2849616705 0.1367026535
0.5280031464 0.6425117805
0.4715483393 0.5898123601
0.1069231236 0.0353612552
0.9537088919 0.4850617336
0.5227020268 0.2014075371
0.4296916629 0.2673459231
0.0938593368 0.9275173928
0.5238675874 0.0345801312
0.6145236025 0.4117513149
0.2006016671 0.8478715500
0.1844408591 0.5522441294
0.2682355910 0.4845905013
0.4658131357 0.1473674620
0.4462072629 0.9302427444
0.6556138098 0.2860964580
0.8516100104 0.8184443385
0.2122340968 0.6699874657
0.0453118183 0.2688885149
0.9208629283 0.3670302607
0.3290072651 0.3464726274
0.1593688697 0.6789779659
0.6950730988 0.7544428474
0.5512208112 0.9208875811
0.9565991573 0.6603438414
0.7878721435 0.2643272705
0.6015953491 0.2346802302
0.4380642078 0.0318641029
0.0119599994 0.0464565901
0.9742170906 0.3177903229
0.8602693555 0.1720326172
0.7162402452 0.2894570844
0.5456470516 0.5248035438
0.7909782342 0.8992195755
0.7180955495 0.3703286262
0.6435694582 0.3592006120
0.5343871318 0.1808246912
0.4499418276 0.3633265844
0.4796445146 0.9641332672
0.7827353913 0.8104475825
0.4154562506 0.4757357371
0.1260513667 0.4481441088
0.2048287457 0.2196768956
0.6391875142 0.8304397610
0.0253648458 0.6729871056
0.3631959173 0.8621476896
0.0173438304 0.4983437613
0.5617879032 0.8183797992
0.6997992983 0.9859397392
0.8243124068 0.2436001102
0.3525526480 0.7507885986
0.2624257768 0.2447585235
0.1221227395 0.6236649102
0.3665626487 0.1038613428
0.0724412651 0.5775616794
0.0855040110 0.3580595470
0.2508485455 0.5046296820
0.9767074354 0.0794937288
0.6583172751 0.6212187223
0.8603925412 0.8902088467
0.4184866259 0.6589535571
0.8108909313 0.5112138846
0.9611130511 0.7291548561
0.0428685189 0.6436593607
0.1743660964 0.0657899376
0.4997083143 0.7454329226
0.5661356880 0.7451782830
0.9295559409 0.2400142283
0.3295279417 0.4417554572
0.3938467246 0.7330841451
0.1012824344 0.7341721562
0.7557901426 0.3317718337
0.2716606981 0.2969344849
0.8369216521 0.0527348377
0.0576780371 0.9567033319
0.5447835878 0.3626846101
0.6829883118 0.7223972099
0.3223824231 0.8723965586
0.9740288230 0.0147917528
0.9754318834 0.5802955179
0.2640416750 0.0432472043
0.9635801952 0.1515405381
0.9321094773 0.1220772614
0.5269164517 0.5419253893
0.2487376272 0.3607989539
0.5380517897 0.3230118537
0.6334583139 0.8041315936
0.4864458658 0.8297952068
0.6205701402 0.1038844596
0.6501287142 0.1658526882
0.2706609429 0.8600298590
0.1577682364 0.3049729708
0.3350677139 0.2167014977
0.3641307112 0.3803017853
0.9118848341 0.6002387163
0.8285076522 0.7451490269
0.5169871137 0.0336654749
0.2166851370 0.7465076458
0.2338243810 0.1897272383
0.7265216968 0.0755762725
0.2688970999 0.5929175566
0.8998654386 0.0537836320
0.7574789418 0.4849845762
0.7554298432 0.7328701355
0.9813744495 0.9102701936
0.6723219878 0.5696046541
0.1074853157 0.7451486306
0.9284524979 0.4417550525
0.4602148860 0.6676538751
0.6058347005 0.9887719127
0.3908562044 0.0225415892
0.3601381538 0.5517359286
0.4238173841 0.5631860101
0.7590487962 0.9767442551
0.8277166397 0.6049524376
0.0291397933 0.3288009986
0.0661959260 0.4554513589
0.2648018170 0.9170431601
0.6845276641 0.4616919833
0.8640241696 0.4008712804
0.1605028550 0.9683022383
0.0262331792 0.7572549581
