0.8925145003 0.4681269017
0.8949513526 0.5508552933
0.3728959876 0.4068590875
0.1721872886 0.4801400413
0.3309326682 0.0736683385
0.9434729567 0.9129509430
0.7768455096 0.3696861749
0.1060034041 0.9522188922
0.5004151559 0.1753233196
0.4700220123 0.9269904380
0.1702234190 0.3217639539
0.0078774955 0.4444438553
0.8806702431 0.2700144588
0.5000016985 0.0262014922
0.7689160524 0.0084993717
0.1080268405 0.7789835368
0.7466074618 0.6092192560
0.2187612861 0.9376836728
0.0319931494 0.5449332612
0.3873250659 0.0692867907
0.2782848852 0.4750420389
0.3945945325 0.7831700084
0.1502015903 0.1320126798
0.6451568191 0.1080735777
0.0632370457 0.1664832888
0.7741273051 0.1957005472
0.0480528564 0.0810242136
0.1606309758 0.0319590066
0.1048239678 0.6943393620
0.7135296073 0.2100530229
0.2037056941 0.4249394162
0.2197763401 0.1793380131
0.7099913021 0.2737771366
0.3235656519 0.8169540406
0.5364094951 0.3862067051
0.2401470985 0.7128958796
0.7063503093 0.1220606378
0.0120519524 0.3844434323
0.3064354395 0.4595529455
0.4597786302 0.4975066131
0.2714443503 0.9340828033
0.7013292998 0.3384435010
0.6113695540 0.3416167438
0.9722294015 0.8030725462
0.1387708195 0.2194827634
0.0706679317 0.8001421379
0.0479835505 0.5002451109
0.9355007631 0.0007738442
0.3453540462 0.9182823190
0.8286335978 0.8413549065
0.6264951720 0.4708713561
0.2486328916 0.4005643143
0.2977805632 0.7706849032
0.5272493308 0.1337425483
0.7017388125 0.7728434371
0.5426076697 0.3033160785
0.9878185233 0.9470321310
0.2993403959 0.5496012173
0.8335321536 0.6573517768
0.0113156764 0.1182463899
0.6168823681 0.0326709031
0.9388288680 0.6739791414
0.1854648738 0.8976944205
0.5917698555 0.9383769683
0.4719563278 0.4546730080
0.1461663680 0.4006784421
0.6744793737 0.0595797111
0.7661273894 0.5648777330
0.2615776067 0.0425754523
0.7443132803 0.7462461462
0.0921117265 0.0318404150
0.6797022978 0.3576186564
0.2023842600 0.6115161851
0.6390656439 0.8953565708
0.0969738991 0.8883448536
0.8625615575 0.7977873145
0.3746230454 0.0081721775
0.0421050217 0.9028769021
0.4642387157 0.8313579613
0.8180606119 0.5186715103
0.7152533091 0.4785522839
0.3169741402 0.3699509307
0.6735373204 0.1943654918
0.0263479564 0.8492406964
0.9531065981 0.6145288475
0.3268261439 0.2511736910
0.8018089783 0.9954018100
0.3929509187 0.2544283054
0.4236642367 0.3038001350
0.5467992650 0.6756381129
0.5572197681 0.0770766606
0.3582056607 0.6320357631
0.5855511836 0.9767099228
0.7789606889 0.8171133382
0.9729058211 0.0454840731
0.9607912479 0.1293917191
0.8999264289 0.7448574004
0.4298035549 0.7095476309
0.2974396229 0.2014464460
0.7385826270 0.9867802564
0.7626822886 0.0968783703
0.8218794218 0.1172416353
0.6411029734 0.5859486516
0.4557588386 0.0969361425
0.5791168051 0.3697814405
0.0022470291 0.2758127399
0.7817264744 0.3163050316
0.0985724648 0.2392435005
0.4428376337 0.6661347968
0.6573096983 0.4157883704
0.0133056256 0.2797328889
0.6427447472 0.7520693502
0.2743939837 0.8701908775
0.1061385440 0.5003526635
0.8090037379 0.4104459234
0.2617997320 0.6073997241
0.1419636486 0.1522944093
0.9814694437 0.3545141189
0.1961918278 0.2403896065
0.5688717832 0.8226681263
0.0159823324 0.6423626209
0.1669738394 0.3418062378
0.8887130275 0.3927475357
0.5114678527 0.9463367983
0.8843031434 0.2102116329
0.3961908842 0.1893360947
0.6576586405 0.6748779715
0.9756828618 0.7447189523
0.3368046093 0.9677905158
0.3687656295 0.7215583966
0.0880625393 0.6359753194
0.8436952474 0.5741413976
0.6410510396 0.8051363645
0.5979863184 0.2328050202
0.2515023143 0.0282774157
0.4763113387 0.5965590618
0.8924887302 0.6519731082
0.5370259083 0.7671195261
0.6543903835 0.5189451300
0.5643848757 0.4451622453
0.2242969699 0.8066665220
0.6872947491 0.9705686260
0.9628566980 0.5377133626
0.8709540475 0.9309270289
0.4414557579 0.9762481475
0.1126812625 0.5492021917
0.3838142552 0.5231444169
0.7357042021 0.9135632299
0.2934112745 0.1469998413
0.4623432561 0.6633139823
0.2950353705 0.6738465305
0.5276880858 0.5011229449
0.4340394429 0.3812339576
0.3810434543 0.1534493989
0.3492945032 0.6155822183
0.8733916745 0.0588980758
0.7701736541 0.6916651173
0.1536818360 0.8613981587
0.7064097038 0.5184888250
0.6101656466 0.6255566226
0.0051016929 0.7113470898
0.9086187470 0.8497248063
0.7333142433 0.6586385674
0.2291574773 0.1087526783
0.5047921829 0.2744440120
0.5666840482 0.8734531543
0.1635209253 0.6886193364
0.4462850969 0.3324918234
0.9110051494 0.3012372875
0.4049725777 0.8886749704
0.5007258965 0.8092037889
0.4584298575 0.1023694665
0.5212071374 0.2248462164
0.8074298289 0.2581189271
0.2190981915 0.7123349602
0.8236380194 0.7383504409
0.6271785904 0.1749309668
0.3900940201 0.4424425648
0.4078156358 0.8188046860
0.8595538023 0.0325991432
0.1577328543 0.0314882045
0.9422242925 0.4390698629
0.8420615074 0.1524483129
0.0778826067 0.4235646048
0.2202938921 0.5293843840
0.9093081578 0.1599946977
0.8818986367 0.3682252473
0.9546302311 0.2268041724
0.5487655600 0.6120397717
0.0896734859 0.2999573630
0.2628426283 0.2722458127
0.7175990545 0.8466495016
0.1508195512 0.6177923426
0.1569089340 0.7737147834
0.8138561908 0.9107382811
0.0252165598 0.9962597966
0.8047783903 0.4672417966
0.3094175140 0.3270600923
0.4905662813 0.5399617166
0.5929056465 0.7001553684
