0.8572997968 0.4778373171
0.5634869280 0.4311942135
0.9424350069 0.8118462273
0.3200334779 0.0324932980
0.0699452990 0.2740141483
0.3100417248 0.9714299776
0.0151250525 0.5700365040
0.9969978126 0.9798499016
0.8805968366 0.4257989393
0.0072672432 0.1275653963
0.5794654826 0.5073938387
0.1941523811 0.1463303128
0.6613294342 0.0594927617
0.4640373643 0.3987818782
0.8309343832 0.7344780212
0.9261648510 0.7027236334
0.9171836230 0.8763478437
0.4116128987 0.2285389911
0.9720849210 0.9135887213
0.2850800460 0.4618580283
0.8456009150 0.0893497777
0.0977478074 0.0924016346
0.2836579853 0.8900365387
0.4754233301 0.3232695098
0.2724194152 0.2895413388
0.3773865628 0.0788346979
0.6027518823 0.9373330061
0.4012843121 0.6702759406
0.8025187555 0.6783628590
0.4471336911 0.0456164734
0.3764393867 0.6446995666
0.7932090655 0.3701302554
0.1863285537 0.0847154891
0.8548233896 0.9721205429
0.7974925167 0.2739142310
0.3067632534 0.2220634402
0.4916249419 0.1419499748
0.5051173460 0.0098718244
0.3474685237 0.2503468179
0.6661788294 0.0168169641
0.3027499133 0.6005649698
0.8224666112 0.8116421902
0.0001071034 0.6487818294
0.1988189379 0.2690367067
0.8171747382 0.8827618616
0.8768965965 0.6082911621
0.7388693611 0.0826361826
0.6232671083 0.3400210169
0.7303990970 0.3737597247
0.2635103694 0.6985514588
0.3326179292 0.3969246209
0.7663074291 0.0325387665
0.5013471131 0.5137765308
0.7723721357 0.1305735710
0.0247252525 0.1978191514
0.1471943858 0.8984205776
0.2836916389 0.7875525054
0.6866813099 0.6434208152
0.7696322421 0.6079781382
0.5798487968 0.8135801783
0.5227317254 0.0692061238
0.5428466398 0.7932536617
0.0705827140 0.4338709362
0.7157408986 0.2222489132
0.2155627824 0.5952724257
0.2716182855 0.6593104183
0.8617775612 0.3669421532
0.1757940319 0.6238895846
0.5495791718 0.7461374815
0.7101643563 0.8921699651
0.0084985468 0.6997779104
0.7777753128 0.9561172082
0.1285892092 0.5697247748
0.3117149703 0.5681064941
0.4930173726 0.6246775037
0.6308544688 0.6429554958
0.0152718271 0.8097456465
0.5387382341 0.4100663342
0.6914957877 0.5516515323
0.0149473197 0.0495192572
0.4202457564 0.4972217099
0.1509347248 0.1154995853
0.1188445816 0.8078242477
0.4910334692 0.1725781103
0.7049543064 0.6098098415
0.3280491255 0.8709644677
0.2805889525 0.1985094253
0.6045112914 0.1485893101
0.3236740549 0.3294762819
0.6695498234 0.7064492864
0.0635642563 0.4186029843
0.8872655713 0.5470397662
0.0641823599 0.1913020218
0.5210760367 0.9152250169
0.0797944752 0.6770444654
0.1914603896 0.5134527777
0.8769369525 0.7228957270
0.2993216201 0.1047282484
0.0955772917 0.6220856811
0.8829756610 0.0327519861
0.4175770738 0.9918715344
0.4333758321 0.4510022469
0.1162801813 0.2798175319
0.0159822218 0.3106142189
0.6558821178 0.1870862802
0.4394172198 0.8901616289
0.1904587412 0.4139071267
0.7311719577 0.7057572829
0.7272607276 0.2624526467
0.2464685570 0.3217194032
0.9410001834 0.6408134700
0.6590401392 0.4716655782
0.5059594192 0.5396658772
0.1220575271 0.8616355460
0.4140728017 0.5927363162
0.0278176129 0.5151736833
0.4292547167 0.2817839575
0.6285719762 0.5105613725
0.8031349565 0.2141486106
0.0825008527 0.3578146575
0.5941829719 0.3521836246
0.9280885908 0.9952399502
0.7512260062 0.7417073204
0.9052146113 0.1020424534
0.7072142467 0.3165126773
0.8419017189 0.3039267684
0.4300770409 0.3396589111
0.5501540881 0.6151310909
0.5714914070 0.9610827388
0.4884817644 0.7948628339
0.5554922053 0.6849724193
0.6024527926 0.1079346870
0.1029960385 0.7422687508
0.2502460964 0.0614807642
0.2485870849 0.4005836658
0.0739350621 0.9353584082
0.3474200617 0.1392298656
0.0174429181 0.8728875440
0.6703318274 0.4017904821
0.3781729623 0.3990700873
0.6969413603 0.9744837118
0.9375453133 0.4648616078
0.9263866276 0.3050921778
0.4963235754 0.2205078771
0.3955967986 0.8462812532
0.6987478557 0.1522498209
0.3610655778 0.9395324563
0.9912050578 0.4715123649
0.4087241227 0.1594028461
0.4750139879 0.7039550233
0.1335452943 0.0202982332
0.8800680255 0.2060865407
0.8230520930 0.1557047682
0.5909343777 0.2568749651
0.8886875891 0.8661498606
0.9322889646 0.1265548667
0.9342703459 0.2472720198
0.7265009556 0.8378845480
0.0212516472 0.0528740357
0.2564456106 0.9616235927
0.0992082778 0.1540694333
0.8481214994 0.6497883339
0.3356397579 0.4860839998
0.6076068425 0.8420094387
0.6778315169 0.7835112100
0.7085203279 0.9629269199
0.4646332376 0.8742889734
0.8449752795 0.9074369624
0.1977732474 0.9722497588
0.9549658418 0.5625100562
0.8137089216 0.5537093586
0.8026866742 0.4475449635
0.0927373630 0.5194876598
0.1453017199 0.6902139573
0.2069985642 0.8405535964
0.2073345796 0.7123198227
0.5870173417 0.5893623414
0.0352883779 0.9563365212
0.1308042307 0.4477406876
0.2099432111 0.9021141178
0.0347495763 0.7747118489
0.9309134722 0.3757551569
0.5468286332 0.0761160439
0.7306957642 0.4462692023
0.9765536392 0.2400335624
0.6450102358 0.8692948796
0.1405343530 0.9784841219
0.4254593153 0.7698647859
0.1603270842 0.3504057799
0.2173235100 0.1980566197
0.2167361903 0.7761953958
0.6066609298 0.2422518904
0.5350153742 0.2926795422
0.3828812868 0.5440324442
0.9902865022 0.3713929180
0.3166201603 0.7224016291
0.7585103673 0.5148202864
0.2498881345 0.5057732602
0.3780796055 0.7737449900
0.4551937972 0.9702172753
