0.2507257274 0.7311199140
0.1665295090 0.6502669179
0.8708119852 0.9903335149
0.9847195306 0.6863947351
0.1420865063 0.7451806027
0.9203074219 0.2065927644
0.9279581117 0.3207890168
0.4468599612 0.6162746257
0.2421917568 0.1018556962
0.7493287011 0.0649194814
0.3128059353 0.1938604139
0.7359079046 0.9074750120
0.0989027000 0.9095785167
0.8051572844 0.8452550602
0.3376008968 0.6823731971
0.7247277924 0.4626729253
0.0792756247 0.5046652977
0.2884198044 0.4300686013
0.4312573729 0.2564777828
0.1338379943 0.2971277241
0.0793813838 0.8198372245
0.0702769529 0.9166944493
0.4718044567 0.2052604362
0.5736929613 0.4731581780
0.4581699510 0.8639249153
0.6829512164 0.0670020359
0.6616751859 0.1929548114
0.4642747543 0.7657666792
0.1863682781 0.8315534703
0.3509976509 0.8874243077
0.3325073584 0.7469631303
0.8373127476 0.3813944350
0.8689150920 0.2456227751
0.4753305374 0.3135395092
0.3484072851 0.3616651540
0.1209971488 0.4749886452
0.0117777537 0.3983319064
0.5857412574 0.1131017455
0.5394796268 0.9376895702
0.5857381831 0.6325556527
0.1954739797 0.4576514791
0.3680737673 0.1618452996
0.0130877503 0.9321174468
0.9653477901 0.6146686689
0.6806047934 0.9664055122
0.6160219195 0.0381904985
0.1529699417 0.2173814839
0.0356126101 0.4711284300
0.6361295901 0.5543067288
0.3198805438 0.0382886468
0.2357575944 0.2006817930
0.1529043783 0.8793336515
0.8224873067 0.1650580814
0.8179208582 0.6748654455
0.7732991465 0.0096462107
0.7754272392 0.5723611913
0.6039864198 0.7884699812
0.5485427878 0.7162247855
0.2497847131 0.1863877802
0.5571939991 0.2850445235
0.1578950236 0.1562009458
0.7150372606 0.7666021115
0.0708049088 0.9998602248
0.7946345344 0.1154072074
0.9461827981 0.9629623168
0.3008588896 0.7986528316
0.9568425387 0.4839815628
0.1317073178 0.3636774654
0.1357070084 0.8078614251
0.3054498845 0.8879581822
0.7648319201 0.3946370916
0.8445689553 0.5284441010
0.1521968920 0.1054100677
0.9592116470 0.7952950698
0.9735484544 0.3972528228
0.5731013111 0.3514934230
0.7289155733 0.1431195370
0.6466485633 0.6423119297
0.3778429980 0.5573103552
0.2046809705 0.5596633842
0.3410200682 0.5494159425
0.1950415142 0.3065895305
0.4757198431 0.8664101025
0.0815089303 0.5792656820
0.9054785355 0.7998404576
0.6530893088 0.8767173216
0.5031238267 0.4608646963
0.4357712364 0.4835967255
0.9054272029 0.6813261145
0.5218438210 0.0986192620
0.6282761778 0.1148582926
0.2431200436 0.5935233979
0.9848092038 0.2642464083
0.2764312304 0.4462681277
0.7490981066 0.6723204993
0.3844546554 0.4281657405
0.4398067378 0.1481848079
0.8228180661 0.9401591762
0.5632285763 0.4029068446
0.3571777331 0.0912085248
0.5947420240 0.9889234798
0.8676824150 0.5307309051
0.5598946364 0.5922757682
0.0294860177 0.2239606424
0.7149974613 0.7184818043
0.0874759140 0.3965677799
0.4402931765 0.9247354109
0.7671286468 0.5982787687
0.1565633976 0.6217140418
0.9316864835 0.0662507402
0.2890149350 0.5657449932
0.2996691861 0.3469298710
0.4131601735 0.0071433109
0.7315976799 0.2555591548
0.3967341777 0.2580681578
0.5004026283 0.1398830886
0.1985002312 0.5212147936
0.0367551789 0.7811377022
0.8181247101 0.2921843760
0.7389893891 0.9642187563
0.7980437404 0.7540557966
0.9311242056 0.9652378569
0.0918184423 0.6492368447
0.7418744767 0.4912931353
0.8878988332 0.2781895058
0.9922412627 0.5506645065
0.4947481169 0.6271969979
0.8101859077 0.4642208183
0.8558164287 0.7901812991
0.4257688913 0.5034602282
0.7863858983 0.1962066585
0.5698379930 0.8542833164
0.9193593781 0.8658150831
0.0813815792 0.2951924146
0.2572727962 0.9233200388
0.1856461074 0.4064594895
0.3740698956 0.3802716452
0.4251917953 0.7126637311
0.6872078900 0.3860728629
0.5103935006 0.0284354882
0.2141599217 0.0212559637
0.4368910396 0.3848309425
0.3999931504 0.8000981704
0.0358604847 0.0371595332
0.5254595772 0.8124442749
0.2834360436 0.1004701719
0.6993720784 0.5765863173
0.0198141260 0.1082312736
0.8809400411 0.4380722586
0.6870624520 0.3145287013
0.1299372690 0.0402208319
0.5450632687 0.2428167376
0.8720628046 0.6143535287
0.8648041909 0.8941555800
0.3867646914 0.9324049737
0.0223058794 0.6276526075
0.7025184849 0.8295741779
0.6440490312 0.3895989274
0.2606544222 0.3343185227
0.2007573968 0.9237960893
0.1724072571 0.7372171055
0.7477237288 0.8492989385
0.5919490212 0.4871063898
0.6464157266 0.2828411062
0.8974487788 0.3708869014
0.6448439874 0.9519262925
0.2854506703 0.9752936398
0.6616212698 0.6770680690
0.5150576516 0.9923260567
0.8659256507 0.6963453573
0.3558441046 0.9958000774
0.0618056649 0.6840227554
0.6552444342 0.2218580536
0.6397767286 0.7454405846
0.0917950812 0.1017859490
0.2339677410 0.2836182764
0.0142983996 0.1610658756
0.2478316723 0.8271685991
0.3268466161 0.2481945686
0.5173953131 0.5341958138
0.8516901258 0.0569072113
0.4782020309 0.7309421302
0.5878619609 0.1882928412
0.5477823561 0.7105026398
0.9993047662 0.7572580323
0.9468791040 0.4737142682
0.3978664359 0.6670865915
0.9239002619 0.1654211464
0.2316601890 0.6649929905
0.9632362588 0.0629819185
0.4473022294 0.0714339044
0.7532979855 0.3281223802
0.9815030570 0.8680416217
0.8842433501 0.1248330899
0.1719440700 0.9906419696
0.3150733239 0.6529561967
0.6607315365 0.4663582138
0.4990615788 0.3578648703
0.0257772845 0.3216033905
0.0810951720 0.2018618069
