0.6372819729 0.1182016474
0.9938001215 0.4277064157
0.4949061912 0.0895546510
0.0357941418 0.4796909313
0.6231101160 0.4897241193
0.9259492520 0.9290890928
0.1959638115 0.6929489473
0.6390601374 0.3237545241
0.2511872678 0.8956070611
0.8672966793 0.5202309692
0.6686675453 0.5617714184
0.3572717309 0.2931290663
0.8703844516 0.6194801643
0.4844038903 0.1774252428
0.6388619326 0.5548632411
0.0145118331 0.8374384863
0.3639008095 0.0269394823
0.7600594876 0.9952246191
0.6827491464 0.0164159612
0.4499043962 0.2927830660
0.2414710624 0.3219897628
0.4823405608 0.7329789727
0.4559708988 0.9317184910
0.3645443194 0.1019311973
0.1847439857 0.1016000266
0.4102521689 0.6997220303
0.9061624212 0.8480095227
0.0063094085 0.2255943676
0.0801677148 0.0212561731
0.9611301507 0.3648837284
0.3559451741 0.6262430745
0.1515640082 0.4480442050
0.9028467587 0.9933895484
0.6630654421 0.3841208769
0.0384412965 0.3417622523
0.1584788206 0.1595258201
0.5812656761 0.0504261200
0.5741595506 0.8377953793
0.0579748072 0.2888148814
0.2438876880 0.2285273588
0.0677109761 0.9025744351
0.7148326344 0.8062705286
0.7373578155 0.0565333717
0.5573288071 0.1710837308
0.4238221444 0.6539583170
0.7460505639 0.9114276134
0.2102622250 0.8620082900
0.2458292197 0.3644439511
0.0618761859 0.1096036233
0.1988952410 0.7838236449
0.8474975663 0.8252013468
0.7348322126 0.6965004742
0.0568321291 0.4078083933
0.5100093926 0.4895041919
0.8877248178 0.1676041782
0.1788622193 0.2303947287
0.0637434275 0.6570609410
0.3352641269 0.9349175199
0.9685866435 0.5403535959
0.1731724741 0.9964754703
0.6122186568 0.9295131627
0.4419108891 0.0585178931
0.3003388018 0.0234709362
0.3989899326 0.8014957785
0.5294733748 0.4417740831
0.0029218438 0.7525318455
0.7828388843 0.3301693331
0.2353300244 0.0388069295
0.1357749334 0.9079647386
0.6671131661 0.7041817605
0.1968418850 0.9646131473
0.8369181459 0.9315637060
0.4343762015 0.9650929075
0.7286955066 0.0960422140
0.9230721478 0.0938563501
0.5594637764 0.1087601642
0.8586114547 0.3533507593
0.8482267005 0.9804959496
0.1288271725 0.6558579130
0.4603996149 0.8367405556
0.7119220305 0.1328126843
0.3259178650 0.7458053205
0.0045125632 0.9705977953
0.6283529755 0.2035997900
0.9532924244 0.6301909263
0.4362182728 0.4907007031
0.8583918788 0.7389794104
0.7786614288 0.7746801695
0.9472222516 0.8776986533
0.2888714211 0.6304202355
0.3291651115 0.8445642654
0.3503432090 0.4423945167
0.2983018189 0.3652387256
0.4382135423 0.5815050927
0.4403508594 0.1306735363
0.5920141240 0.6137461898
0.5182300073 0.5846457748
0.1010737048 0.4000104092
0.0491504319 0.1687287452
0.2657130054 0.5995530851
0.0622159676 0.7533620349
0.4158436261 0.4128920636
0.2936814278 0.9925372544
0.7887078972 0.5697708914
0.9763364377 0.1819884087
0.6937072599 0.6380865224
0.1160301355 0.2268274727
0.2211983053 0.2341483751
0.2474282741 0.4522319006
0.9367793515 0.7023104374
0.9114313393 0.3261791688
0.0942360870 0.8436600502
0.1986060128 0.5868100959
0.7095010126 0.8682171498
0.8936719126 0.7438835588
0.5615031084 0.9928773539
0.6893060600 0.7914468527
0.2795350247 0.7486559140
0.0190762736 0.6369679641
0.4436610393 0.0137926324
0.3048051857 0.1392324556
0.8399776232 0.0974906304
0.7356112084 0.5527670022
0.2018716307 0.4187879688
0.9664776975 0.0253841384
0.5887105604 0.2949141586
0.1214594013 0.5394251503
0.8859162522 0.2381386336
0.8206816776 0.0423049427
0.9473267765 0.7918637137
0.3463391457 0.5072641575
0.2930390320 0.6934376641
0.9806992520 0.2832120745
0.6707105125 0.4499878113
0.5679253236 0.5740854623
0.4368584937 0.2277691583
0.3773229469 0.2321100585
0.3978747056 0.3473695984
0.6339631968 0.9874951730
0.3776665336 0.7231740001
0.1220945769 0.3031608008
0.3636799976 0.1651553606
0.5258673644 0.9591113477
0.5661811485 0.4003057387
0.1141911734 0.7351040445
0.3481005558 0.3815981286
0.8314030761 0.5087723742
0.8043244740 0.8875893224
0.5768281149 0.7393682579
0.5226365736 0.2481038139
0.7850013986 0.1819613337
0.3211729777 0.5526153487
0.1514452521 0.3501627808
0.0059666138 0.9524847887
0.6144248616 0.8436051178
0.8014475232 0.7757981996
0.4880312639 0.6521340447
0.7704524684 0.6290547003
0.1318987418 0.6153946376
0.2678777956 0.1308523080
0.5396885390 0.7649600234
0.7196230116 0.2443896520
0.7020741545 0.3104799846
0.1563611195 0.0418056977
0.2913516656 0.2240647664
0.7560084142 0.3987647019
0.2439979971 0.9081522899
0.5460248014 0.9173876392
0.5260476628 0.5250963958
0.3990074404 0.8902739363
0.9264614677 0.6001808999
0.9154148856 0.4283004926
0.9816462591 0.1055861502
0.5929275296 0.4087235247
0.8081078817 0.2391060859
0.2138706286 0.7494908257
0.3234034030 0.4876242638
0.0328019831 0.5539264639
0.0666802418 0.5601111765
0.7963760770 0.4496833051
0.7921654603 0.3025144531
0.8925401550 0.2554714245
0.8377118686 0.6382966838
0.1180189204 0.1301125111
0.1661341967 0.5162024280
0.0406286522 0.0417630925
0.7350165634 0.4717025051
0.2362590629 0.5198098446
0.3855332942 0.8154944717
0.6202496780 0.2434512293
0.5178112203 0.3612403808
0.6029238497 0.6933593365
0.6839743525 0.9168202387
0.8463813379 0.4113072326
0.6814891738 0.1729994830
0.9183161246 0.4989063099
0.5144277090 0.3103305789
0.8367924155 0.1275238447
0.6187711989 0.7649116162
0.1460043926 0.8268568055
