0.5664125142 0.1451553694
0.4680839118 0.3624855703
0.8407250055 0.4302563936
0.8848790568 0.9846384940
0.5552895854 0.3161400598
0.3803088496 0.3081069388
0.1503299299 0.8421159988
0.9143500975 0.0985844957
0.4671332869 0.7218922274
0.0887658009 0.6355851107
0.6574658297 0.4924243119
0.9777195852 0.8999808609
0.5451889948 0.4906759605
0.0445679780 0.3304685853
0.5334042422 0.4081117895
0.9223524808 0.5633671993
0.7059177150 0.4984825943
0.8029136658 0.0121442171
0.2048931490 0.2812385860
0.7449063853 0.7087600673
0.0560775707 0.2544944767
0.3947507625 0.0066139191
0.6505138996 0.1037604298
0.9440865060 0.5331387625
0.8296294151 0.1813417134
0.1302990815 0.2624516845
0.9315089614 0.1530668911
0.5938289369 0.6730596605
0.5585636567 0.8347935613
0.1176975683 0.5599631756
0.6556826284 0.6965436107
0.6054158603 0.7693456717
0.0306826079 0.9850342291
0.8033223267 0.9605784107
0.9935294166 0.0625465498
0.6500129947 0.7751213917
0.8455659537 0.9029877899
0.2767747449 0.4617764076
0.5450608786 0.0683753409
0.5270878052 0.1739900654
0.7853723924 0.1821137970
0.1095945328 0.4300348523
0.6560896789 0.1434085821
0.3200399029 0.6104319337
0.1211243739 0.8605771473
0.4567762250 0.8752453690
0.2734079662 0.1017931586
0.7074239607 0.3332117687
0.1096789798 0.0452957232
0.5038721176 0.9511516138
0.4520314798 0.4702189638
0.9993376587 0.7976554175
0.9960591845 0.8820237106
0.9041543993 0.9420678334
0.9270951939 0.2463970220
0.5697411992 0.5474636530
0.8903275003 0.4673879088
0.7448604544 0.7731173510
0.2667443817 0.1595681149
0.6923422523 0.4124467581
0.7265094115 0.7425180844
0.5317889241 0.6317024280
0.9262376876 0.6427629522
0.2421594445 0.2096970787
0.2993318245 0.7528987688
0.9106507563 0.3386719459
0.0936572996 0.3741236209
0.3901571809 0.5579684294
0.0003751766 0.7365180013
0.0158480204 0.3720624915
0.3853546478 0.3990495423
0.7330484869 0.5985204491
0.1781450149 0.5879010418
0.9823567501 0.9882369799
0.2443827820 0.7656686397
0.2877082665 0.5749080196
0.1110526698 0.1696295464
0.8627533466 0.2213713942
0.0541780561 0.1264924372
0.7571817021 0.8983267822
0.3390579844 0.4854409501
0.0916157034 0.9647555810
0.5429130422 0.9907166429
0.3810183105 0.6615873892
0.3779237828 0.9118816256
0.1989184653 0.4627594387
0.7460591615 0.2372101968
0.3911270346 0.5047810611
0.8849002478 0.7809017935
0.6013581324 0.0099638353
0.7730083132 0.3615828849
0.7912639519 0.8064337534
0.2641803718 0.9537925461
0.7585536431 0.0571039297
0.4780420258 0.6673341404
0.6630963936 0.5623198040
0.0932293043 0.4619604466
0.3637123648 0.7344525903
0.1810677552 0.7122559104
0.1702948413 0.1101385877
0.6193987485 0.1881111234
0.9498227774 0.6833184657
0.9879935412 0.1699127228
0.4478556071 0.6301973651
0.5494345348 0.8790446087
0.2031884511 0.0042099540
0.0530532533 0.5570585031
0.1915620208 0.1695477759
0.4358149629 0.7919566461
0.0076008434 0.1008795181
0.2996665438 0.3429667973
0.0811807709 0.9169975003
0.6257455480 0.9896584036
0.2908040220 0.2805024664
0.5558955682 0.4650054464
0.6185222908 0.8893528698
0.4349626968 0.4127479606
0.2780076578 0.8327419693
0.6992924372 0.9558613749
0.7083465502 0.6459676984
0.3935472518 0.8489923200
0.5309126697 0.3262306936
0.1134629726 0.1076517785
0.9130536536 0.3955833266
0.2863951667 0.9435135161
0.5173009582 0.8149438945
0.4463173499 0.9738001413
0.6482073152 0.8591424592
0.6322282388 0.3887878299
0.6220297183 0.5895068075
0.3786924817 0.2006091150
0.4711787031 0.0993196237
0.2771954067 0.6721597634
0.3409642499 0.8127304079
0.7620542161 0.1407910262
0.7110677452 0.1524403156
0.1013385183 0.7392516576
0.3341922109 0.2045897807
0.2306532264 0.6178194305
0.9056344047 0.0556351118
0.1875594247 0.3833302268
0.5694396075 0.2400771635
0.4403345311 0.2630319485
0.8335725237 0.3030844440
0.3566681530 0.3868484962
0.0081809375 0.2481652921
0.9462475899 0.2860671363
0.8641270192 0.5521085981
0.7135620059 0.0191770097
0.1098620971 0.2112014897
0.4165248487 0.1608973639
0.8325137489 0.5162569926
0.1654220572 0.9871152551
0.1880826632 0.4891532419
0.3672222615 0.9620240676
0.6254736669 0.2995654090
0.5566949060 0.7172994498
0.8467938391 0.0579982125
0.2284660288 0.3285506408
0.0401333159 0.6545389987
0.5001312543 0.2509699970
0.9994073520 0.4812283603
0.3317996857 0.1302174190
0.7320608176 0.8451641894
0.5083193300 0.0100043681
0.1822058547 0.5519153035
0.6022439795 0.4504690349
0.7571942587 0.4424721601
0.9085968452 0.8506781765
0.1379536516 0.3343450831
0.0010134490 0.6313551321
0.8769465988 0.7190660070
0.8247383757 0.6205056674
0.4735699420 0.5647401346
0.7771691557 0.5689378281
0.3642569102 0.0969995547
0.9548194399 0.7951373411
0.1704473316 0.7957234725
0.1797440827 0.9125564989
0.0623414361 0.7965679968
0.0521565020 0.5252618855
0.4480662629 0.7443361604
0.8503704819 0.8404376058
0.6599221308 0.2432098066
0.6967976868 0.3194276757
0.8511441831 0.3606407728
0.2378161944 0.0709650738
0.1190837361 0.7130221529
0.4060024320 0.2620637078
0.3609567807 0.6256608114
0.2567452476 0.4125319584
0.3200078712 0.9105622403
0.9492895191 0.4185863277
0.2339943528 0.8719284305
0.4256028975 0.0911765160
0.8209986021 0.7034489331
0.6797483658 0.9387058691
0.7758607480 0.2671229370
0.2043609895 0.6898669022
0.7819142653 0.5134998487
