0.1897866863 0.9327775673
0.3619322746 0.6988700073
0.4315971600 0.9980307017
0.9981426306 0.2767761881
0.0840933532 0.3077255558
0.9430743784 0.4515321363
0.4448274523 0.5073763113
0.4585921126 0.8773260398
0.3969893028 0.4337051063
0.9361695744 0.8251220280
0.4581458974 0.3066945417
0.0546873257 0.5797335978
0.2702117917 0.9271456511
0.5355849322 0.6401997090
0.5177090449 0.6790185656
0.4188858775 0.1625986562
0.5915909788 0.7482736514
0.1047248108 0.2706335809
0.5347135254 0.1188170798
0.7304258424 0.0441434863
0.3559463403 0.4946575601
0.0462499974 0.3742785868
0.3261817931 0.2866235427
0.3929126733 0.5660523380
0.8805214209 0.5926292848
0.6338309369 0.2866731213
0.7968997819 0.7068503643
0.9766656210 0.6311662517
0.6930494349 0.0719130002
0.2612694178 0.1462659240
0.0925663323 0.7981040677
0.6488108902 0.4626852667
0.7067730274 0.5986096088
0.1696571249 0.8364729804
0.5794025995 0.7669888410
0.4708927687 0.5946591438
0.3914548150 0.8244221893
0.9507449857 0.5509561088
0.0605573252 0.4151016016
0.7832901389 0.5721376295
0.1833222172 0.1673147450
0.6647220629 0.8039115284
0.2189566351 0.0676902875
0.9034688100 0.0196055228
0.2486727963 0.3482509855
0.9530667601 0.4796277114
0.0118797732 0.0341868217
0.2376847374 0.7571886731
0.7372230197 0.8387699754
0.6358058698 0.8376317206
0.5511301227 0.1853692086
0.8547327390 0.3120674131
0.9930204526 0.1773800373
0.2684531113 0.5740622123
0.6525027316 0.3551891707
0.4934449240 0.9591162547
0.8087765028 0.7870197551
0.0874755448 0.9338772746
0.1753649273 0.1215318203
0.8249592609 0.4276799911
0.5663597830 0.8376290930
0.1638737474 0.2102993690
0.2709285873 0.2836729214
0.8079157043 0.9917740075
0.0562365347 0.4774572729
0.0715734826 0.1618986156
0.5297997206 0.3151655313
0.3516111389 0.6399231114
0.1158958672 0.0852224052
0.5643801723 0.2401383669
0.8546499336 0.2554663304
0.5709522932 0.8706199983
0.9306618420 0.1925764437
0.1718777251 0.7567142272
0.2858467567 0.2028190741
0.4525927292 0.0713312056
0.3355671527 0.5083126024
0.7644983906 0.9249263614
0.5898666078 0.3699066941
0.0694569980 0.8840646354
0.9363523097 0.1001177273
0.3721267787 0.2623601729
0.5520898140 0.4945111554
0.1410121535 0.5024928000
0.6152411154 0.5295121751
0.0569219529 0.0182192296
0.4219884510 0.6849347633
0.7788608368 0.5237987799
0.6145602411 0.9975781566
0.4271261927 0.3182539395
0.2531716050 0.4780632129
0.3244832635 0.8402067911
0.3747958730 0.0249786091
0.6342657431 0.1949817879
0.0278393123 0.1121936224
0.3496701296 0.9083497844
0.7660982289 0.1426900829
0.1184634340 0.3647239656
0.2337956873 0.8224509068
0.9059839697 0.8948184735
0.9873121784 0.2475954542
0.4975727943 0.1926832299
0.6441657212 0.7042264294
0.8383325528 0.8764435607
0.6431063085 0.9365672227
0.3579557791 0.1065462270
0.8079509352 0.6184455857
0.0668953032 0.6977589662
0.9020252528 0.6155104072
0.8256970532 0.1587115653
0.6847854803 0.5309451514
0.1265019866 0.9654480457
0.0959117271 0.6749274192
0.0276348639 0.8275406650
0.6988730340 0.2456937382
0.2512341966 0.6407250026
0.2835031719 0.8695043049
0.4160458506 0.7256993617
0.0107438782 0.5177549978
0.9827846622 0.3372978991
0.8557948836 0.7789097190
0.9401340555 0.1177642927
0.4871514592 0.7019348232
0.0826174231 0.1930617340
0.7033443651 0.3163837389
0.4225979686 0.9693106227
0.3209531964 0.7521370456
0.5369372723 0.4385328646
0.1970149741 0.2457645259
0.8820637210 0.3492204956
0.5263207642 0.2887285143
0.1759601663 0.6432209095
0.5227760484 0.9158088664
0.8706403882 0.0965956788
0.2784489023 0.0208490818
0.3792267268 0.2140585920
0.2827403268 0.0833498596
0.8623540721 0.5125387549
0.2080065034 0.4277614272
0.6983112707 0.9103759661
0.4301725229 0.4307311154
0.6214632196 0.6551695889
0.7929905148 0.3150928416
0.7719505659 0.4068286705
0.9441586961 0.6823082931
0.7524833408 0.6986359837
0.7125449701 0.9792169565
0.3451707109 0.0377790021
0.5003903438 0.5458222746
0.9771021774 0.9804505092
0.6061768166 0.4273285297
0.4176806183 0.9061894939
0.7142656657 0.7622612011
0.7486536169 0.2438818097
0.5370425092 0.1108041442
0.7008467295 0.4485555119
0.9279361569 0.7674625136
0.1685295718 0.5900489002
0.9018224310 0.9564602067
0.2045440691 0.6997416510
0.8887765427 0.4212229038
0.8076984620 0.0960196511
0.5115061992 0.0432481932
0.4551083313 0.8176187446
0.6709563014 0.1606274950
0.7913081008 0.4620371642
0.1693823298 0.4146892450
0.0035471536 0.7306138755
0.5681395189 0.5767333282
0.9331158785 0.7555890127
0.3542354136 0.1669131078
0.1563926424 0.8842199529
0.2346206431 0.5323081751
0.9620452329 0.9023999108
0.1347904962 0.4926749342
0.3693910491 0.3537941766
0.2031058355 0.0279892157
0.3427141075 0.4191557737
0.7616012441 0.2111712682
0.7125862455 0.3744597384
0.4884528315 0.3914417826
0.7121662031 0.6623395045
0.3446546583 0.6119807266
0.8833304496 0.2065820347
0.1823319773 0.3074248327
0.5907777244 0.0336479265
0.6070119771 0.9442093775
0.1474823629 0.5993659848
0.1179189998 0.7548395143
0.7856924064 0.8705727077
0.8158426294 0.9617097723
0.8554285551 0.6830592228
0.7039434172 0.1421827225
0.9463849479 0.3664311026
0.0102861239 0.9110750144
0.6632742944 0.5943445869
0.1386564092 0.0131154386
0.0395901185 0.6083684988
0.3746011002 0.7761384079
0.2508936009 0.3778330011
