0.9630868972 0.3076643171
0.8246778804 0.2087994772
0.0821667476 0.1658071358
0.8642155775 0.9355239399
0.4876425438 0.9543700378
0.3668365859 0.0115334083
0.5719701470 0.0193966626
0.0295942380 0.6759213434
0.0764045443 0.8894999479
0.1256087317 0.3479968608
0.2038297250 0.2900627343
0.0279027166 0.1246980414
0.2497070839 0.3542216458
0.2731875750 0.7505206270
0.9673607529 0.5824944226
0.4677329785 0.1427394670
0.3639414963 0.3377420842
0.7711964259 0.5591964626
0.4716159852 0.7159753742
0.5642919907 0.4516919119
0.9762739954 0.0866960364
0.2056921282 0.3970404748
0.4947112949 0.8224896845
0.0785678497 0.6263202903
0.9695272344 0.6705840833
0.7113953945 0.3028263674
0.1913474052 0.9379321238
0.0765208878 0.2929091203
0.5372183492 0.5914552045
0.3483744211 0.1408222961
0.6448429852 0.4667044420
0.9520686035 0.9419735313
0.1147897499 0.4770820452
0.6028157265 0.8119078627
0.3242924814 0.2455162599
0.2107796646 0.8439196866
0.7976376029 0.7404088424
0.5469854731 0.9320289456
0.9114049165 0.3864006914
0.8729672177 0.7508497097
0.8369961398 0.6771005972
0.2174645588 0.7458968318
0.6724456311 0.5270342216
0.3721588258 0.8269145180
0.1598133525 0.5981065248
0.1561730439 0.6826107231
0.6614991312 0.8125974691
0.1552337786 0.4549593286
0.2279076835 0.5916234917
0.9020359801 0.4201289631
0.4944056641 0.2204183207
0.5981385532 0.4389270050
0.9872154602 0.4517763028
0.3117114133 0.9899836951
0.4065385217 0.6381178036
0.6664175518 0.1387498310
0.8720253186 0.5535214818
0.0246696631 0.7957545787
0.2734349748 0.1034751602
0.2712716697 0.2709991573
0.3884245010 0.2698722930
0.6655165172 0.6941178248
0.9334415967 0.9554751634
0.6584303346 0.2123582851
0.0973548484 0.8091732837
0.1892812236 0.7918648412
0.0438792571 0.0749850712
0.7520120246 0.0699771110
0.7759496366 0.0831405744
0.4474508858 0.3031739239
0.1135565356 0.9580316163
0.0781446064 0.2091788530
0.1336903952 0.5502654320
0.5739249628 0.8890711224
0.5564798013 0.7697735755
0.5613115949 0.3617317267
0.4971419312 0.7045566207
0.1303107315 0.9380534425
0.0333697004 0.5608116699
0.4872012875 0.3982969413
0.2016844713 0.1664688655
0.5440065761 0.5393948435
0.9918588145 0.2556369239
0.8831540344 0.5023741589
0.2752201013 0.6316713066
0.0507866896 0.9909715490
0.5351468556 0.2943849580
0.7850037736 0.9077280357
0.9594095276 0.0305355283
0.3127076509 0.7277384931
0.2938886053 0.8102988320
0.3329251095 0.9536833252
0.8275386690 0.4704275332
0.5749162669 0.0953467727
0.6272582496 0.2660343998
0.2160745596 0.5228091011
0.4803745203 0.4818915213
0.3965433634 0.8884946192
0.1191234050 0.2548145452
0.2644691468 0.2001720406
0.7931386627 0.5864083490
0.3803272045 0.6857589314
0.7907372305 0.6546944762
0.7217263054 0.9983104016
0.9149597583 0.6825537439
0.9528431705 0.8102803778
0.7362056769 0.8463012597
0.4957960447 0.0457152041
0.7089043843 0.4681758292
0.5182465616 0.3036656419
0.6665688569 0.3365169553
0.3049669736 0.3141194301
0.3927854062 0.5090462334
0.3156826056 0.8460374717
0.5965572387 0.2294048186
0.7833753937 0.5288860141
0.5062825617 0.8583767976
0.1416424425 0.8611519688
0.8890294015 0.6076399291
0.5852377383 0.1026535661
0.3145638624 0.5799106317
0.5962585026 0.3546532845
0.0249954700 0.8065479060
0.9631289651 0.1698771155
0.7950764192 0.7803654406
0.7202061532 0.6772334166
0.8201788071 0.2263907769
0.1402316848 0.1552073839
0.2149150906 0.6640393659
0.8450153466 0.9730985633
0.7569988767 0.3137211664
0.7612974173 0.1619067816
0.0653521099 0.3849528616
0.8730770494 0.2913507133
0.0622361398 0.5663870173
0.4146219288 0.4066299426
0.2385441256 0.9622364223
0.4345178951 0.9200011738
0.2360483609 0.0269085523
0.7031839092 0.2064412750
0.3289192681 0.3975818208
0.8311599639 0.1183459472
0.5699079166 0.6487377640
0.7287109347 0.9345755472
0.8590135766 0.0997080753
0.8012014646 0.2900773092
0.6633548089 0.7601203542
0.6810171268 0.3975409706
0.7524857382 0.4725423934
0.1662100184 0.3942163217
0.7716965480 0.8570425514
0.2836587640 0.9076016218
0.8878334303 0.8343642066
0.9337842894 0.0133833280
0.0471082118 0.4679843499
0.5746416450 0.6822699712
0.1748624264 0.2339493416
0.9156155250 0.2004139067
0.1358792107 0.7229177069
0.0573900737 0.7174000506
0.6905476483 0.6238384275
0.9178602776 0.2653294389
0.4544793247 0.8119807040
0.7997282776 0.0197463024
0.9148222007 0.7518702355
0.5635269350 0.5301630965
0.2806849731 0.4225006508
0.0293731996 0.3530984865
0.4490978276 0.5612879678
0.5943166578 0.6556183939
0.7353540825 0.7702106831
0.3586836416 0.0723717008
0.2557287892 0.1352343727
0.7808648394 0.4013185636
0.6677736960 0.0669462000
0.9682080413 0.4170892012
0.1123962121 0.0713356210
0.8298705783 0.3675618571
0.3244202313 0.5002376838
0.4516496590 0.0116905925
0.4051331734 0.1754051775
0.4043091307 0.4302879983
0.4906232819 0.1151967507
0.1382103830 0.0434543230
0.9020966996 0.1246159982
0.4078438647 0.7593219870
0.6238839205 0.9964702772
0.3803554539 0.5578558048
0.6652536632 0.9564665982
0.4246263931 0.2349232778
0.6298673808 0.8901863542
0.3345226478 0.6658701051
0.2494653523 0.5095349784
0.1971782123 0.0787780800
0.9940261707 0.8774173334
0.5711268037 0.1618935691
0.4601576151 0.6144324057
0.4142998073 0.0509507462
0.9127511648 0.8654549920
0.9524059815 0.5001869921
