0.1956302012 0.1242315359
0.3844705094 0.2239101181
0.3275821381 0.2051463403
0.7910545956 0.7610933923
0.7148048939 0.1472095095
0.0177564169 0.7007813117
0.4974726316 0.8844713524
0.6393066399 0.8311909677
0.6889027661 0.2669875503
0.6210404581 0.6941673400
0.0154327744 0.4973171179
0.7337049508 0.4243800645
0.8891322239 0.5409068244
0.9163248838 0.3059875040
0.8108568402 0.8657782041
0.3820872231 0.9821505532
0.5167090463 0.5123492341
0.0700385540 0.0693728034
0.4490832355 0.2244042572
0.0038139086 0.4057276616
0.3624107281 0.5912248463
0.0539201094 0.2256265255
0.6847129999 0.9132353933
0.8875415891 0.1149471263
0.3411869439 0.3160485996
0.1134994001 0.2694501290
0.4464872940 0.9635341716
0.2214233347 0.4400410305
0.6988935404 0.6101079944
0.9607568869 0.7721185984
0.4200842630 0.6100854027
0.8342141951 0.5342592008
0.2878076501 0.5072465314
0.3319107773 0.9705670593
0.4332099712 0.4952977076
0.2162778917 0.3302017800
0.5936691533 0.8897487018
0.4717363546 0.1733177200
0.0357505489 0.9272081470
0.7755237323 0.4200580394
0.3130449734 0.8144183980
0.3905385558 0.0479576629
0.5672578616 0.1025847180
0.7516207850 0.2005956362
0.6618322590 0.3454908795
0.0308972516 0.2453709402
0.4247867634 0.3964719988
0.9947671351 0.2908008127
0.7945970973 0.5843615809
0.5276553397 0.6892466442
0.0521164441 0.7081478568
0.6574285792 0.6097389442
0.3347233851 0.4919241938
0.0242023198 0.1580358292
0.6758302798 0.0268174953
0.3911803548 0.7661567286
0.5821911170 0.3672537399
0.0219641680 0.8004482187
0.5527213944 0.1922461074
0.0198497854 0.6138841195
0.3392399565 0.8827050702
0.9351134769 0.1789156708
0.9057645406 0.6514517215
0.7973450692 0.7007146198
0.0338379960 0.0285054445
0.6002210444 0.5150739852
0.7873590637 0.1302272021
0.0403220121 0.0844960837
0.6835916525 0.3970255412
0.2488002446 0.7187520358
0.8406416422 0.1942761218
0.9700426303 0.5343926433
0.3077003084 0.0479400419
0.6696676791 0.2252020852
0.7125540478 0.9799551039
0.2248660754 0.5451488535
0.2461251801 0.2644784627
0.8550671311 0.9299835805
0.9202887141 0.0441800808
0.4088151695 0.5478467368
0.5113433482 0.9928566978
0.2485191374 0.1041575357
0.9494168846 0.4205155744
0.5874134694 0.6362574426
0.4926293457 0.0587897554
0.2589831954 0.8958924863
0.1498669671 0.3465955175
0.1074359158 0.4085923307
0.8743740903 0.4179784839
0.4866112304 0.1343416483
0.1609219194 0.0318558363
0.4713236835 0.7483704773
0.1619723002 0.8911726764
0.7377707686 0.3399296290
0.4925755073 0.5437535262
0.5734862906 0.3220852871
0.5443319430 0.7618017393
0.7451110569 0.6683599266
0.1799962997 0.4443837056
0.1586609493 0.2113663442
0.9086967990 0.7454909314
0.5648494791 0.9890403012
0.5938524472 0.1671138572
0.3457106467 0.4058379060
0.1057948831 0.6196310961
0.9168046281 0.8572928981
0.1748361185 0.5886767398
0.6209335640 0.2311306229
0.7869933914 0.9332665041
0.2466853221 0.1685804603
0.7142971983 0.8137155764
0.3180420269 0.2150169013
0.1902898423 0.7735461383
0.0356014806 0.8488307498
0.1227547143 0.1091281837
0.2791662781 0.3911394531
0.3117428053 0.7152102386
0.0705575974 0.5699545026
0.7349747181 0.5049716439
0.2073201335 0.0424945300
0.7813961875 0.8238177721
0.5471735955 0.8191803920
0.5038481728 0.3285832209
0.8586304849 0.2778516480
0.8461467220 0.0272806334
0.3632701988 0.6895185408
0.5205638126 0.3978595211
0.0818038743 0.7884146957
0.6066812939 0.5628701952
0.2750356814 0.6492599945
0.6070826082 0.9409320287
0.1851881981 0.2625623102
0.9350280011 0.3776386757
0.6010575334 0.7539784052
0.1309473082 0.5364405153
0.6738562422 0.7490465846
0.8314267767 0.1345352710
0.6123954059 0.0441237519
0.9481217907 0.6054469324
0.9779732238 0.0027089579
0.9568791657 0.8659338338
0.2396011360 0.6179636907
0.7514888840 0.2922677084
0.0813249798 0.3365944679
0.8105605139 0.4720572932
0.8371034900 0.3573619681
0.9302999910 0.9691570551
0.4609407257 0.8323799132
0.1504668881 0.8194453760
0.7421290571 0.8869399604
0.9153946620 0.9226050109
0.3981644008 0.9027608127
0.0692350540 0.8940548663
0.5083002398 0.4455710759
0.6350897248 0.4318385482
0.2100014930 0.9691513654
0.8993560166 0.4807174703
0.1365202324 0.4693804764
0.2192198583 0.8990262712
0.6559813433 0.1320554919
0.3952880276 0.3197507904
0.3949662008 0.8612017457
0.7054985100 0.0906626932
0.5874455841 0.4338446206
0.3052819881 0.5782220354
0.8273791442 0.6441855074
0.2678502857 0.3292322149
0.8012213591 0.0151492769
0.8696182638 0.8110902118
0.3573139378 0.4386568823
0.5016324689 0.0552382058
0.5352683063 0.2336437026
0.7584220212 0.0184691401
0.5209917591 0.6083137261
0.7580582985 0.5801134251
0.3899656450 0.7817149726
0.0586960758 0.3910713923
0.7138389417 0.7397961331
0.0870457657 0.9777246617
0.9340407696 0.2227300454
0.1084080911 0.7270879341
0.4263126398 0.6922968962
0.3347084289 0.1322617916
0.4119890148 0.1134010563
0.1517591086 0.6750417114
0.8039150345 0.2682297894
0.9460856642 0.0869192820
0.5063019626 0.9096743053
0.1405976968 0.1849581370
0.2042612402 0.7171371796
0.0574050497 0.4901527826
0.1324522012 0.9421278760
0.2637223171 0.0528382427
0.6666874548 0.5172397415
0.4593529632 0.6432768298
0.2443619879 0.8215243928
0.9684971650 0.6744635772
0.4228690784 0.3267698643
0.9513421384 0.2964514874
0.8683667834 0.7117688605
