0.4266306824 0.0223010254
0.5828426678 0.6904325246
0.4920550767 0.6950134073
0.8072010572 0.7105239011
0.2833104082 0.3091818655
0.3250746095 0.9857228247
0.6131816563 0.5279483108
0.6599399602 0.1076483950
0.2245334389 0.4438232371
0.5448093809 0.4461743650
0.9679879971 0.6097148765
0.8268053781 0.1200696766
0.0788881914 0.9646959233
0.7105100450 0.8215418707
0.3795257080 0.0001262991
0.4220685542 0.6156984704
0.6427396008 0.3485556890
0.9625763774 0.0616485736
0.8143880265 0.2525179430
0.2580588926 0.8270662753
0.9034027285 0.5602106439
0.1284444649 0.7880276045
0.3766877847 0.1557181435
0.2785636046 0.9554032401
0.8021302200 0.6090733315
0.8950106074 0.7391190976
0.4757439299 0.8903008532
0.8116944898 0.1418739763
0.4059024348 0.5406140561
0.9776481773 0.9141637372
0.3977447559 0.6615932374
0.1504136269 0.5707172444
0.0355718557 0.7635302041
0.3911115431 0.7497229996
0.5995764711 0.4187266460
0.8616592110 0.8323366727
0.3591082213 0.8890564189
0.4709526329 0.4415753612
0.0666229443 0.1087321725
0.4854717252 0.9495475739
0.5705898472 0.0290087761
0.4959780360 0.6200679386
0.1908874808 0.1865612751
0.7084515419 0.6643989306
0.8322583717 0.3489596934
0.8183363820 0.6515494653
0.3966437508 0.9430139457
0.1790635767 0.0936446781
0.0993555768 0.3432026696
0.6515107237 0.3660362925
0.8114094474 0.5086630474
0.9112135127 0.1562142305
0.0959157690 0.7478082757
0.9304988999 0.2248331158
0.6317215688 0.0500167538
0.6749987802 0.6176990893
0.7657557922 0.9797667186
0.9418859049 0.9787845177
0.6314334992 0.7824361823
0.8944087038 0.4634582990
0.5140606961 0.0537115542
0.7489801661 0.5382241219
0.5738942984 0.3419308859
0.6985017404 0.2677968855
0.0077798288 0.3185760768
0.2013523972 0.6380120005
0.6129818349 0.2559494908
0.9435618785 0.9509157578
0.6351877032 0.7017192626
0.6737104859 0.9933471542
0.1569811310 0.0244180332
0.5028145092 0.7986587571
0.0668831676 0.1300568637
0.4692988899 0.3341899953
0.3627514812 0.3084270663
0.3492468763 0.1069226790
0.1777021508 0.2557730032
0.5248886077 0.9106048499
0.3037195448 0.2060065563
0.4804556650 0.1734158405
0.0674495840 0.0297617810
0.3114912353 0.4902158764
0.8250436172 0.9926587648
0.9305945187 0.7967374972
0.7563556631 0.1812355535
0.9305245835 0.2938551039
0.1539274912 0.9451521118
0.5717846264 0.9678933970
0.2522366778 0.0881391909
0.0838742376 0.5788938071
0.6223734505 0.8332318008
0.4010900892 0.3629709410
0.5962025363 0.1800419661
0.3151840869 0.4041576235
0.4840222756 0.4995745155
0.5437375705 0.5583257886
0.5008041771 0.2670071013
0.6284564593 0.9574635319
0.3847184488 0.2196941494
0.8541013793 0.3318672533
0.1417378771 0.6833855491
0.5643798007 0.7690667867
0.8412424682 0.9102870816
0.1652575569 0.6974657005
0.5122914368 0.6442447780
0.2407137902 0.2257914941
0.6634617726 0.8743879514
0.7105189568 0.0604229663
0.3087239947 0.0610511294
0.7427491595 0.3029247814
0.5187015757 0.2191905134
0.5221666182 0.1212989493
0.1910283737 0.3762224223
0.7706536020 0.9931611167
0.7319621085 0.3701429234
0.2957175039 0.1871923870
0.1989570457 0.7670828448
0.0896551072 0.4864841129
0.1646250208 0.8455182827
0.9940372684 0.2992957862
0.1844336516 0.0314822703
0.4542748511 0.4131305497
0.3375918511 0.3191654697
0.9910583800 0.3804482928
0.0300582422 0.6022444523
0.9892137555 0.5587259230
0.2668015898 0.7096011979
0.2210916836 0.3177937750
0.6463403241 0.9081389410
0.6930047847 0.4840808029
0.0253978941 0.1750905546
0.4324220835 0.8694922110
0.9868006425 0.8451759857
0.0090465665 0.7571466887
0.0988721325 0.6199146526
0.8924426252 0.0248816225
0.3100659878 0.4243110444
0.1019367302 0.4147081277
0.7620318255 0.3433708953
0.0735721890 0.8362858014
0.7834527048 0.8005728576
0.2567690227 0.8880570762
0.0314119245 0.9015630137
0.4364870459 0.1082883928
0.8949996817 0.6437912492
0.9103638178 0.3546928459
0.7932826360 0.4243183269
0.3792791188 0.7684208584
0.2632543890 0.6094269946
0.8396262163 0.2017710055
0.7896876335 0.5348935473
0.9181484282 0.8794617736
0.6587059221 0.2040824022
0.7402479190 0.6955389508
0.3317279317 0.8560660939
0.9306104549 0.4604988931
0.9959556988 0.5100613467
0.9751646401 0.6780114438
0.7899165247 0.7742404159
0.3828097003 0.4901163011
0.8804589327 0.0968076391
0.8581729725 0.4589812598
0.5468110796 0.2910212674
0.1748035176 0.5311641360
0.2846482537 0.5818337424
0.3399415192 0.6703515877
0.5884818671 0.6107522059
0.6940895012 0.7544121389
0.4467481502 0.2745226188
0.0099797615 0.0402187449
0.9896774003 0.6753067228
0.2897934543 0.7175078825
0.1320365935 0.4481064714
0.2008779398 0.4559315955
0.1042439298 0.9325461443
0.4381275511 0.4951640658
0.3545218485 0.5791109104
0.9768312229 0.1261029848
0.7362252845 0.9158950746
0.1717912236 0.3217572491
0.1535165948 0.1326594592
0.4452343226 0.8172131012
0.4283871722 0.1934093219
0.6038693899 0.1023589151
0.2858389324 0.7853001011
0.7045699807 0.4400308784
0.0272845209 0.2602174531
0.7915941748 0.0735014729
0.1164723784 0.2113345515
0.2488703367 0.5184777141
0.9087366040 0.7199659443
0.4764176654 0.7419970903
0.2422984387 0.9922727452
0.1948341940 0.8981010829
0.0229516387 0.4189212059
0.6884124408 0.5583699678
0.7144303745 0.1635557635
0.0443458295 0.2359543478
0.6432650893 0.4801680845
0.7673260413 0.8684956964
