0.3620590529 0.6756317920
0.8815706255 0.9405333996
0.7930064382 0.8083819373
0.4252904197 0.6994616243
0.9983215144 0.2221096682
0.4530511361 0.0631724956
0.1973466734 0.8242872141
0.7064636603 0.6299623020
0.7382844849 0.4367005189
0.4756362925 0.5157835488
0.2381746469 0.2844084939
0.6740958868 0.1265898371
0.4633390553 0.5579543122
0.0881990116 0.5281443334
0.1774922951 0.5235505017
0.0908286933 0.1011340042
0.5681612647 0.5565243417
0.1747890045 0.3950030713
0.3132056345 0.2812696106
0.2497440547 0.0522984632
0.3724859772 0.0818454487
0.1811645927 0.6791693791
0.3759750977 0.7829751997
0.9036264180 0.7210809203
0.9916569054 0.9260368095
0.3619915260 0.8194100466
0.9586299745 0.1385558146
0.9127749244 0.0346676624
0.1170344760 0.5800346934
0.9848626270 0.0398747399
0.5415275396 0.0695772760
0.7448669083 0.7271712955
0.7632122686 0.8970545048
0.9961056795 0.3593468942
0.0683777682 0.3354259902
0.8282767471 0.5865402444
0.2366195646 0.4451924284
0.4099583669 0.9516356458
0.1654424130 0.0719222523
0.9057926124 0.8574303955
0.0334296682 0.4422722974
0.9932925101 0.6607888100
0.5023149016 0.1059079301
0.5645552792 0.3290284510
0.7623015638 0.5614296770
0.0925525436 0.7313474622
0.4762116085 0.7003908598
0.1569104074 0.9421206474
0.1882279176 0.1590649633
0.5167170502 0.7819321843
0.9102411809 0.3968598938
0.0796487643 0.0316864357
0.3454552447 0.5622760237
0.8732215634 0.7801484650
0.7995174182 0.7377435012
0.4726418601 0.2290257875
0.2408984958 0.5760459685
0.4196579230 0.2722034638
0.8530687159 0.1714888409
0.7697275101 0.3427133547
0.8691153035 0.5015153707
0.0596283861 0.9455510377
0.0768196385 0.6781442976
0.7141026257 0.3258302540
0.1714128538 0.2266024261
0.8213561098 0.9974005977
0.5561813840 0.5360902166
0.6322904149 0.6335379321
0.4320842992 0.6153605971
0.3674746923 0.3387356232
0.6796633495 0.0571349491
0.5552556514 0.9377976668
0.6863058140 0.6998991489
0.8098095449 0.8525762536
0.1872983611 0.3592146878
0.1035141903 0.4800559597
0.0492788334 0.1667983100
0.6632272608 0.8081170686
0.8790202456 0.6330146334
0.5681333521 0.6688947474
0.0052774775 0.5506433548
0.3141584259 0.0087251926
0.5360796625 0.6229445239
0.9606934244 0.2863117023
0.8401707667 0.9075555156
0.7404243526 0.2289458494
0.3985217805 0.1890879851
0.2444607996 0.9138037623
0.7582510316 0.9650427438
0.1298252045 0.9006740548
0.3309689810 0.9680549001
0.2946192807 0.3998715166
0.8460081571 0.3312820983
0.9116462289 0.3929877035
0.0159874514 0.9788424011
0.7506920682 0.2703324298
0.9820376074 0.8524039228
0.6269577614 0.2799665924
0.4745327249 0.4037320333
0.8260547849 0.6898562933
0.6331377931 0.0089623658
0.4822491468 0.9017532525
0.7347529778 0.0252274560
0.6458350702 0.4805135895
0.4483428782 0.3631134962
0.8466333689 0.4584864477
0.1499713714 0.1284660343
0.4796220902 0.4456875978
0.3059470314 0.3708760771
0.2821112901 0.7306919017
0.5291017368 0.3723025366
0.7132717558 0.5547972037
0.8293079185 0.0348161515
0.9232366988 0.9548479465
0.4367957348 0.7731279807
0.6211168513 0.9889728637
0.1031263997 0.2974723022
0.0965338470 0.2010947475
0.7589593830 0.1435482374
0.4160415675 0.8650257102
0.9589553016 0.4888659982
0.9196793591 0.5551375465
0.3703794374 0.1276727693
0.2460939001 0.6423394772
0.6852598692 0.8465468301
0.2335415428 0.3258306563
0.4840479585 0.0024418905
0.6501928811 0.2664402895
0.7321362671 0.7885064491
0.6382029155 0.3500347077
0.0532297457 0.6329259690
0.6274780935 0.9194731746
0.1025533896 0.7832407023
0.3387736844 0.4843091679
0.9100010595 0.2405788145
0.6293920061 0.6116327165
0.6212932412 0.3824764224
0.3694175113 0.2443821743
0.4928047442 0.1813778573
0.4860316803 0.8400922550
0.0761481016 0.4056260335
0.7487705464 0.0926466694
0.5867737620 0.8661257376
0.5629384006 0.0292396975
0.7922913039 0.6445247294
0.9768969779 0.6895533677
0.7817769155 0.1884659375
0.2415590237 0.2155068202
0.1715913771 0.6040931624
0.1832969295 0.8788148006
0.6160849905 0.7869422347
0.3438857877 0.8810348138
0.0041899155 0.5817586989
0.8453867630 0.1039829850
0.0937754433 0.8350051126
0.5877276895 0.7452838041
0.3004005830 0.6714314859
0.6915465113 0.9131870744
0.1368966521 0.7379357431
0.9217034216 0.6058911790
0.9902672942 0.7510637161
0.3281568444 0.1860528975
0.3043488437 0.7469769938
0.5872412005 0.1719109163
0.2038021060 0.9724756638
0.9040138455 0.1046948194
0.3099708890 0.5585805025
0.9677652968 0.1582623656
0.5783482073 0.1769907043
0.1694586780 0.4409489700
0.8383135067 0.2774945216
0.2675007358 0.5145778726
0.3849367257 0.6142126341
0.5817132312 0.4690114122
0.1755091764 0.0222795385
0.0167244889 0.8487262781
0.8341456325 0.4061111276
0.6744159530 0.1953131535
0.6092453370 0.1089670295
0.0072272118 0.0576090398
0.3888666612 0.4332943005
0.2464358156 0.8199384975
0.1809237346 0.7616394974
0.4704473195 0.3037283342
0.6531785500 0.5367688138
0.2900819171 0.1183074391
0.5126347995 0.9401075001
0.6878605487 0.4892438610
0.9881352381 0.4125086177
0.0344757668 0.2838842614
0.4064807381 0.0232857702
0.2908618085 0.9223354458
0.9238466333 0.8139999656
0.7817814592 0.4654861713
0.1486600932 0.2824443793
0.5196131010 0.2769745949
0.2105777099 0.1310966081
0.4015391621 0.5084469149
0.5277298612 0.7212131353
0.8642564570 0.2500343660
